TENERGY
18710
328828
33551
32509
401628
16650
351780
5532
28002
8400
28736
112841
245923
422
27886
47199
40510
145844
0
9150
29425
2443
69416
41673
9922
16483
3544
32546
13447
1012
4497
30145
7707
2598
991
184221
112807
103826
4374
324368
29935
29326
10186
27952
6249
2184
83384
58833
22100
12339
55887
22503
8334
5460
9076
18513
20409
41528
7853
6884
6107
43865
36941
8674
12918
75698
12250
4934
39350
9826
1522
2780
63427
65665
2271
12782
19110
9960
83370
38050
54050
10592
14628
22277
143714
199106
9823
394
1787
16503
16278
20493
37208
18522
31982
8604
45860
15325
21451
20239
6642
9888
7415
13001
5874
11190
10354
73820
45048
43732
0
45982
15342
29661
23752
26689
6228
12755
13570
38121
36653
12325
27702
13739
14565
15926
15944
22990
52452
15546
8018
16567
8993
0
19695
35144
18117
263872
49468
34251
0
16682
8605
71309
13653
25289
20986
17761
9877
147002
6116
147519
14407
13047
14339
6335
5290
8133
158056
14070
32879
11821
54887
321
13780
64692
9648
21467
21325
22727
43160
21677
0
5594
3392
8652
18709
52337
17488
25641
15425
55946
6626
10559
0
12001
15929
5500
42334
69733
24924
10342
10143
44839
17991
0
10269
16958
2396
56451
19632
8862
25418
72756
0
27251
9996
28347
1653
25743
18663
4648
93383
12549
48433
14476
1409
31033
17675
958
24103
16138
10695
9471
27225
9756
21274
174833
20370
5656
11320
11192
269125
1129
23955
50117
18074
10055
23284
28099
28779
16235
4306
18957
34688
8556
43610
9042
14828
52913
16109
26387
14980
61570
25284
5099
0
0
51825
0
24204
16547
12448
15766
25011
21246
24194
17323
24663
10340
20225
6635
167176
14421
13514
19961
12854
18160
64659
0
100
12024
7333
7200
12616
5909
3021
19005
0
35657
7901
12069
21037
37644
88987
124814
12688
19226
42608
9880
0
7332
7338
14731
0
11259
30421
10125
43877
45101
8751
1774
21607
10557
4505
17697
14159
12967
12497
1551
28171
20769
55703
15679
38308
0
0
19154
8746
7564
70936
37650
8148
42376
480405
28433
80213
8385
3802
1013
57268
13241
26771
55086
10709
17825
6587
21967
26664
55731
0
33204
5526
9225
21616
12064
21590
6306
42640
88153
11803
101690
78728
995
17797
167814
13996
8147
50889
4967
24977
29475
0
0
0
0
1841
20488
29442
30536
26743
7088
29595
9648
13051
9191
24094
16928
35240
19526
11761
24042
11794
35281
15132
24145
20461
36207
22123
7078
20831
80780
4451
26241
29787
32755
10699
31292
0
10703
33636
13479
33996
1404
18250
70462
1107
22214
35658
16167
6134
4347
9170
20234
5843
1279
15415
13021
1072
3230
520
37967
19535
14769
26161
29445
11380
5430
10805
4444
27973
1610
15021
22206
0
0
20219
7061
45925
6925
4384
2233
11077
66232
14236
9508
32832
29874
14332
35283
30741
34955
14116
12278
41784
24354
214313
23721
20422
15186
1913
4295
56681
33046
18066
11720
16272
16028
6765
20306
26919
35793
21510
15066
7792
10433
10343
20032
14605
25667
11494
28524
17392
18451
16722
22942
3524
19454
29867
30190
17894
42546
42674
21171
35549
27306
23786
2268
28750
585
42759
53691
23064
3802
28411
79331
20920
13606
27767
18261
9597
21577
4450
152617
8930
21232
69242
2264
14464
49673
11066
10528
582336
32343
32471
22347
125351
59541
23201
18362
35158
27860
48702
16207
7924
7098
885
56167
16247
27579
11663
11644
13795
10564
43860
15443
20028
4923
6739
33747
27607
37777
33993
8354
28445
25922
31771
11635
1900
27666
19008
2744
17543
284923
53691
21910
19573
36310
6498
81505
163368
6329
7784
315171
0
0
8875
23512
10429
6226
16229
4736
11515
14098
751
47218
8320
13588
22803
59761
25194
9359
22238
29615
10685
5472
13854
347904
3585
22346
2593
19302
54688
19434
23671
17802
95689
8022
0
16210
18805
5705
56605
26838
0
17587
23796
12709
2793
0
25319
0
2754
0
28771
2755
74957
48107
5764
225
60170
4251
10609
74038
6102
6412
19458
23478
30488
21399
5891
110767
41608
41018
37974
31345
7101
45913
7287
6257
7902
8223
12616
18150
25061
40381
35962
2869
38691
39
13561
24676
35306
21848
44913
613
24583
17420
16309
10670
35531
147864
13106
11826
18658
23622
14250
11737
17968
35073
60968
64108
8945
30968
23697
73628
21870
954
0
0
2129
46548
17428
7888
21909
17081
20735
30987
23817
44367
40509
27825
38001
9155
44658
58086
26849
30200
73920
46831
13854
28858
26392
55281
22508
12476
25674
18168
27832
27712
12970
26011
78715
39880
15006
21342
20091
13098
34761
13151
9756
5070
19432
18212
7655
79355
2790
3069
116313
453
16648
5488
20167
14131
8169
11552
19210
65934
166313
136521
14172
79261
128145
33847
16161
27269
20112
49078
71152
2468
3412
62479
21925
22196
2086
4943
16613
18226
10436
8829
32914
37737
681
4742
0
5570
9464
16569
39142
26886
0
136440
6079
17463
30612
10487
57443
2899436
222782
20953
162209
2857
14081
14532
27304
5617
15567
9041
25685
6463
8588
9191
23325
3230
5638
453
2269
830
2004
15449
107244
0
29298
34600
6928
0
13027
7114
26157
17777
20211
44722
6066
8534
26143
7507
15765
20043
79972
14307
25582
56730
52198
9579
10422
1860
17232
27478
438
9522
3382
129788
5251
3077
19837
56663
17166
22501
9504
23003
11432
6772
41706
15652
13785
21412
64779
50154
7581
7856
17258
16950
11488
6264
28427
2323
17929
31056
88593
67204
244461
40521
36165
63694
31981
12041
17944
28465
10080
12818
5737
50763
0
35183
61191
78736
61144
16431
16505
19856
23415
3406
1912
6041
4165
26983
48812
28392
25075
4617
5149
5685
10911
26577
19486
25676
32222
13796
26932
8453
20795
11952
10053
38550
15409
3897
19439
15953
38461
22746
15088
16110
3699
4636
8241
12133
7553
14650
0
0
0
21157
0
70896
0
14868
12461
24933
32159
60308
79495
18510
3158
10170
23676
4823
15520
17381
6863
31690
33005
14802
54827
11715
0
47444
14044
27166
24772
17038
19959
19922
14305
34016
36663
23421
13985
91750
34418
1669
35722
60497
18261
24513
20776
61642
0
32557
69919
63732
107575
14016
7058
4434
4796
179252
164166
703
25981
39169
57605
1848
15171
3673
23077
0
0
18927
23513
11175
3311
7405
20687
29713
27937
0
0
12047
9409
16235
20194
16201
9860
11572
33375
0
0
3875
4178
9500
16539
40626
35678
34387
41342
32667
16974
25582
21912
11032
19580
13498
62294
23372
11243
27972
9934
33144
38460
12083
8291
15395
45847
19577
14095
0
14252
49528
20255
113504
955
6003
22104
23576
16760
20557
19865
24476
20577
4847
2130
45376
49090
58672
2088
48069
7328
25919
19685
17142
6327
38733
17900
24446
15060
21436
42967
11375
49043
0
24341
29176
30479
20390
27984
4230
20188
18859
20591
48062
0
23315
17341
17346
3841
19786
9726
20563
27765
4428
52694
28219
33380
14312
31116
61304
32808
24654
6929
118042
131941
23766
35159
7238
15939
31381
6031
0
0
15697
42509
28062
22944
29257
84238
3590
19562
26996
14927
110130
52513
19494
46273
8031
25218
20272
46808
39966
7627
21314
5565
23921
21088
141140
16968
18910
26477
20052
18192
1830
52558
19151
22627
3629
4704
19879
19337
16067
15970
8932
4897
30959
10435
14841
27761
39666
77959
0
0
10124
105254
36195
5991
16020
20541
23794
344760
18414
18627
2604
45511
0
9306
12410
0
27138
16004
11287
5300
2854
12623
6727
14406
21382
41225
30422
29080
18745
25678
0
0
51306
55356
6617
1421
3489
7497
21477
9834
7836
13917
31409
11935
23710
15728
38581
25572
24983
30934
20937
27990
7398
28244
35849
20229
3644
24110
35055
96479
207572
8476
10826
6972
8955
36341
1082
7882
14386
13249
5805
7058
28461
932
17968
54575
8463
7216
62917
14364
86519
65261
19152
21215
216111
292041
16341
23688
7839
9592
86816
37031
18746
23482
5100
11202
23814
67517
39329
9732
7402
17567
10465
16827
7532
4316
86214
1074
27391
11052
10868
23321
29946
23558
44657
81198
31586
33233
2901
14215
10814
21762
31268
26398
21374
41645
9919
5772
33428
16721
9812
37600
54700
42791
22802
52129
10829
5999
761
210
28947
86999
17706
11538
25605
22063
20457
24240
152403
102703
13064
9156
18946
7497
49226
21087
8303
8906
82790
16782
26049
32014
14253
37073
40645
40281
50036
54998
28803
17561
26453
14252
17866
9944
27093
3779
20989
36512
20142
30439
18667
40094
13464
0
26684
11320
108626
129850
15135
6481
10430
9231
0
11695
9066
73189
72229
49027
8923
2556
9561
2210
32477
37685
62632
24606
19916
31717
563
46151
30056
87763
20463
45111
47784
28671
56541
23664
5514
3715
177145
4344
12483
26385
37248
0
0
18611
45538
35820
110442
32053
43129
20994
19517
33134
25596
29726
29126
15615
32204
42548
25177
2299
6443
3424
14718
39603
54680
24726
21367
16629
29021
15736
2769
7147
2931
16592
38911
18096
24665
14250
16707
16236
23763
18004
83652
1595
36302
995
25294
19262
12127
25549
18607
0
0
0
0
36219
10393
6846
12024
7202
6289
2121
11754
12629
8774
23766
50840
36258
32099
52841
39281
25952
15031
20184
16437
300631
73360
20992
12352
7055
6044
167618
27647
36284
14014
10989
12095
25050
30679
3559
3759
27191
24107
17461
9426
25028
16976
9338
24964
54526
57578
11373
17319
4790
8441
7268
13032
8794
21058
5685
52669
33029
0
22805
19257
41861
14512
26903
48407
23385
12555
7915
6991
24125
26878
6969
19665
4611
4453
45957
20510
29741
21227
8474
0
20232
474108
240433
281911
43164
14178
9724
7674
12703
10776
8275
20824
19810
34701
27606
27947
51987
277767
20873
32211
2769
11951
36610
31910
8254
212940
33301
81713
4323
7570
43788
8753
26413
65476
950
39114
2227
0
0
0
11697
10102
47273
44029
19666
8977
26467
11969
3737
7008
7022
3782
11666
1811
2454
7584
21588
23062
42073
19940
3690
27293
44015
42386
918
6291
44049
2815
937
3623
16089
7556
6990
58202
10870
11754
8239
11888
28847
23367
84451
143979
33119
34299
23782
17693
14618
58646
8412
3429
0
0
34920
28635
18859
39441
0
0
11815
49958
24389
15290
27182
17111
316
47235
16281
20314
17106
13081
33571
41979
0
0
10740
16071
27811
11206
21272
7847
8161
9088
10936
146
16868
1767
13971
5179
15815
19634
10991
5089
3545
6854
22073
2483
12058
14395
29846
32617
23666
4934
25463
17837
20922
22102
8103
14982
52213
21549
0
0
12023
15036
71973
31451
17457
4947
37283
34174
5540
23540
32996
28287
2298
2655
22357
190538
1124
5222
15257
10568
667796
16432
15389
0
10849
56738
14659
35775
20300
24106
29251
57410
19766
27681
3145
34438
5652
13396
14732
9690
26163
11037
13929
5594
7693
13339
3216
7878
34923
66154
15384
23559
13939
20378
23348
17474
29552
13670
22325
19654
12531
12113
147671
96718
17531
18648
36232
31364
37141
17890
24098
28695
15212
13422
8823
125400
12986
3593
17617
99315
0
86915
49804
47688
16099
225769
31041
23635
48634
102396
16442
31015
40263
22160
37588
10856
11582
24113
164617
3801
19014
6985
12267
27634
18430
27049
9320
6231
2787
3255
56914
45939
54995
17371
940
260365
9590
17980
40474
117571
165730
91668
16580
5220
5773
617
13724
5857
20518
32271
0
7300
28367
20507
10965
10420
4278
7643
8915
11272
12294
15514
16847
12871
12521
17354
0
9001
99264
29744
38438
41663
181190
24918
22540
19401
90695
105631
27213
19707
18364
35644
35292
30008
23504
37118
28723
0
13869
26890
24551
8019
9350
10272
11452
8268
6486
12217
15271
8396
5869
13619
12609
23981
12270
23767
41894
21210
26937
12458
7037
20387
26345
30967
25366
34464
56210
9328
9090
15324
16327
10073
36976
19281
16704
7300
17243
27700
3743
0
0
50118
39683
14310
5452
30466
17871
3977
14856
21302
27636
35098
65378
18832
26101
34401
49689
7881
25436
14059
9848
5558
5871
12729
18056
11605
3396
13523
21246
19641
23800
21906
9933
17876
10787
2165
3480
11517
16786
38139
10832
970
7280
15843
17559
0
0
9092
13741
3785
53987
23001
18007
19767
22158
11281
13275
15048
23127
16087
5345
0
0
9163
69411
11265
28592
14542
9498
4533
31928
60420
55614
13693
11699
8227
8488
23434
6281
69347
121724
3009
5018
54343
13409
20455
5455
22299
3398
28386
40962
4998
3488
53228
19962
4489
28764
18668
36637
11396
15822
PENERGY
17962682
8489183
795533
12954777
4121224
1460066
39178
202112
4841896
2538200
23966
25989121
6439808
13080989
84324
74866
390062
359806
124688
6758745
565192
135230
198218
370666
112428
106448
153056
1422804
87670
603236
448108
3072018
257050
717048
64874
629724
149552
276708
87366
153554
145982
75358
583146
510298
341480
452840
194644
146120
27606
115318
196816
135724
676718
650158
212054
139442
177282
57268
95934
377496
3142220
3872628
10278
620050
28834
37942
880914
10474
259898
74450
54954
194844
138342
56506
115116
3918701
5824048
701306
70220
121292
503196
67666
286196
323676
256544
12931828
10851794
230956
31450
91186
34996
47738
614664
185384
1095690
436240
132396
2249118
68400
83422
60624
291342
52186
73264
811294
334914
334042
186816
454112
376042
141022
462000
54764
240164
1035186
6087650
110066
599674
53842
131034
70796
632924
64056
153282
221020
100412
191894
308300
301290
348246
279846
271514
90440
205778
138754
136270
223536
33932
23150
106240
2023664
111662
339392
67012
68154
56536
156960
104506
85236
12338
153832
431386
39612
60912
171632
130472
5012148
134820
719038
2616528
116456
89066
149404
118116
70350
164312
2164304
320962
166262
169624
34840
130270
41836
59982
61286
93604
987012
78060
156776
21856
167562
111320
492922
156214
84822
53242
119808
122882
50680
35154
265502
398322
735732
162038
55122
406676
34076
61250
372516
448428
231602
205436
35188
52706
135254
113828
168774
75904
55376
47532
5696130
243946
47192
77618
818240
316542
112728
213280
153412
252792
121046
146998
73085
9664
503436
18828
53838
274106
47360
551092
944044
178574
244326
102174
47394
99068
162132
49940
261930
153920
111922
201888
67596
272162
266572
224496
66646
98178
164206
107224
115530
754796
789508
268156
130958
432938
492512
532468
204182
69018
117568
44064
330400
73576
89228
156486
6825000
15094
86574
54174
56058
98480
494796
250536
1634728
202576
136364
267398
65662
106082
309748
345734
93144
198418
94116
74010
174500
1209970
480606
178640
67436
79264
12536
79936
400916
118622
339738
373668
1228638
4639222
144422
100076
5022190
20382
1924330
391908
257332
264350
57358
136678
199044
95372
147334
78092
356120
1136118
69410
149988
614346
92406
53784
140162
84190
265618
26918
81818
99060
38374
119468
3799790
27832
93046
475200
561670
187018
296888
653986
70638
186380
264414
198334
170758
184946
1195574
363414
104238
84430
275816
85574
124596
245196
2334642
186988
2376786
80360
542920
309434
160700
87076
41964
45708
108496
82298
249036
634800
490760
653200
491066
268862
76120
886050
142570
35278
100802
183744
249546
217926
53284
114586
74660
45518
238816
393928
66368
76910
144832
106116
113414
36540
1776450
938696
414996
1000260
87050
600158
295192
68660
469042
72896
180856
51570
566710
13545
1055870
414063
356702
137702
78356
1050062
1503202
224724
258930
1681036
386524
31230
20074
42440
106820
1192252
45878
68170
192072
349338
38730
90004
95266
486478
266416
103594
232962
701624
175668
78460
112436
78740
36332
75056
188910
177882
52332
401240
62578
56122
832432
565796
143800
168238
166274
768124
283466
116468
495854
1107550
96022
256496
232834
107974
545763
1332116
45318
168044
71676
55552
126548
1899918
340552
101606
297950
135398
272096
653054
317676
130258
72148
515282
307424
80820
51994
162756
298458
191786
89460
654086
79290
588416
1132228
192458
58002
255976
130566
268982
530958
402378
60548
2381340
354524
83348
443838
148796
444758
174740
153946
439520
354276
68440
794478
2648842
88162
129866
618304
102342
585728
40272
379824
66252
241098
178160
34036
244258
62124
109490
295356
49790
113822
85774
131582
274048
296960
614778
448068
577270
282376
1586770
197986
178414
41820
672176
122522
245930
235242
140902
118740
88472
78250
246796
66368
161000
556194
20576
52174
482804
127088
513102
304238
295834
1456104
149236
638280
455888
77336
89206
140804
58300
136096
170690
191562
2569392
373964
314684
549006
452962
327332
124616
151208
57004
100052
147606
117346
167242
299476
654596
6400106
65632
406750
502990
269638
337598
87582
141768
642520
270046
95240
134378
97144
369406
825722
58326
222728
422578
12437408
245418
657780
265782
101724
1042444
280208
80260
1270584
93216
292420
60112
131294
865382
771678
621610
260248
59282
64410
158700
90142
145678
57490
82752
112438
161368
171808
418052
342582
597682
83392
22832
9880
61540
384448
73486
103338
190884
37656
586886
70976
355490
4510540
152816
6947566
571044
237978
1363484
350206
67102
161322
164614
99146
326246
132180
151286
158068
71640
166520
2159254
309348
142702
216862
449334
477202
157708
384414
557082
10675400
238840
100408
104738
2842654
143654
167142
322388
5658020
172854
224392
62040
47946
89304
307136
668892
323504
247964
221530
207732
156354
211842
460340
383352
357988
434184
459790
2867234
174490
323136
172992
2096914
1261504
56656
221286
86474
34642
264620
174996
552154
558620
229208
177128
18790
69784
38296
282704
75796
225544
2547554
613890
311424
380786
55746
137458
846968
200906
115264
198444
219208
3049112
271528
64952
241368
449226
672324
613644
1959778
118326
128114
235466
157380
39936
253468
121230
97846
99708
65946
95956
373154
774344
686828
94072
550016
1148908
374896
395698
114920
285612
44644
355964
782270
228704
168482
275152
223514
137362
995446
69510
121082
208134
367112
114040
552916
207904
265854
170130
86406
420384
50478
49584
516972
372288
70542
879298
98766
101532
107696
174138
135100
205144
472336
5612688
411340
51138
505310
2734264
88316
106468
412318
122094
119454
66942
320598
397322
1990190
270806
79656
56916
35388
309830
89594
326184
88148
28564
1737422
135116
44524
44588
85688
150288
58642
334868
377910
2791438
755916
261472
510492
765120
54162
347958
239712
108630
105658
307898
203378
377364
171510
968462
533886
89260
335396
357006
213252
181190
61368
66238
750514
177598
51462
38574
86888
277992
272880
424966
98212
346136
66098
410926
28862
153390
460618
503958
434660
299980
589096
42586
68666
81162
104548
676340
389826
204972
494710
286874
2416958
288966
297828
241864
389350
142314
291788
261446
60564
3460122
3600996
256024
328310
124644
383466
267364
4638070
222146
588226
388318
317006
256394
274893
85152
10584796
382894
507222
1535308
300396
1173918
179092
449448
86170
81598
1067512
126510
42612
249384
200910
84656
169656
94332
860166
143754
984196
3471118
78562
69836
360812
510758
69320
239668
174780
46398
123712
138896
228206
134666
93546
195032
678576
6367640
256236
3547370
3285932
347584
156458
485980
501670
52592
509838
223116
131074
80822
144748
220430
161004
163392
823356
173458
169170
235522
400236
138880
104202
141078
714454
1101232
207792
50766
46764
52326
130150
123668
146604
514596
1711162
139080
624488
50584
251256
87176
52646
46212
148128
374042
284934
344294
134812
950484
125676
68920
179070
200690
129052
1131062
214058
533094
242098
1288506
146618
58576
753824
183642
127756
731162
2966482
193396
104816
54824
129818
103142
492362
283828
985954
588424
45208
4210362
354946
328360
251154
CN
272
4961
233
129
7621
20
3788
67
66
291
587
1256
4945
8
494
524
57
1087
0
479
445
10
1516
55
375
131
37
441
369
9
112
288
427
153
46
39
3689
18
65
5282
105
95
28
27
147
13
195
93
58
181
359
3211
75
61
83
54
124
473
394
32
118
454
340
105
242
120
24
50
279
77
63
121
601
9
16
122
231
215
20
208
616
130
113
43
1855
37
194
18
47
97
43
50
1826
58
121
36
498
48
41
146
100
607
39
14
35
398
506
164
1372
767
0
115
140
364
745
85
26
103
23
1072
56
27
818
555
52
87
16
230
150
173
82
16
43
0
14
294
20
141
83
31
0
339
108
148
72
160
166
373
108
30
49
1592
242
165
183
21
25
77
395
64
141
134
89
22
369
259
71
20
281
207
1866
294
0
56
24
66
60
369
421
932
84
65
204
338
0
20
81
87
104
14
68
39
288
416
320
0
117
158
120
64
114
72
59
86
0
232
115
7
13
199
114
56
3350
58
50
27
9
12
617
8
37
31
24
166
53
332
34
39
179
94
14
78
60
14
106
152
164
125
30
87
178
104
164
1825
152
74
111
142
16
41
33
44
208
513
224
128
0
0
496
0
967
45
72
317
52
77
58
236
224
253
22
43
43
49
122
63
92
67
1644
0
8
89
91
24
269
366
62
160
0
68
71
67
40
92
2759
3991
105
235
489
81
0
711
107
167
0
15
40
51
149
36
17
65
290
85
205
1054
221
90
118
26
233
116
38
28
182
0
0
78
17
35
16
25
37
537
3070
54
2393
129
44
33
110
108
254
531
132
295
30
206
403
5
0
10
35
99
50
98
18
37
52
80
145
151
93
9
94
449
38
81
1416
11
64
214
0
0
0
0
18
71
69
5
981
53
422
362
7
3
14
69
653
141
30
30
52
39
43
60
33
69
64
27
170
2359
81
47
26
99
44
28
0
32
137
83
327
9
130
40
67
107
205
158
22
91
19
213
74
52
44
40
15
92
17
59
78
26
48
452
23
85
74
305
207
122
11
1277
0
0
57
40
27
41
71
32
82
16
44
167
109
100
47
148
287
414
147
34
105
13
205
17
173
146
12
19
18
52
200
88
49
64
32
56
388
383
326
161
108
150
37
311
96
240
209
299
217
186
131
24
66
18
585
43
43
163
172
61
130
26
49
4
6
8
1175
1577
19
4
445
1454
31
30
23
30
102
30
166
2459
254
13
732
187
91
153
141
190
1058
978
1582
19
57
15
267
126
288
347
137
14
103
90
27
152
74
72
38
116
68
95
85
86
171
52
72
362
70
123
33
13
61
82
330
48
31
107
81
22
339
4318
1332
2020
1922
2579
222
16
40
58
158
4613
0
0
1146
1240
78
579
84
298
352
113
32
123
107
92
193
84
82
19
58
40
60
33
36
216
257
147
3
47
24
19
216
220
150
118
0
15
131
23
27
21
0
14
56
29
71
0
37
0
12
0
3
19
3786
2146
22
18
32
12
86
427
82
245
268
167
231
106
137
146
53
46
54
214
39
484
115
53
83
98
176
226
257
323
368
62
103
2
38
41
356
218
18
10
223
195
85
113
1574
3295
11
8
1503
1729
35
40
17
62
1942
108
59
71
117
87
366
39
0
0
5
47
105
21
232
175
200
317
216
370
352
295
428
55
178
155
99
21
1385
1833
147
240
20
101
41
17
64
195
18
68
107
240
50
48
48
76
218
225
33
16
138
131
294
87
46
31
67
51
39
35
33
17
40
46
65
29
565
635
990
809
133
1192
1118
315
163
238
25
294
472
23
202
15
168
153
47
30
208
111
37
48
253
96
34
148
0
120
222
20
308
388
0
3552
41
74
1023
5
20
364
42
56
126
6
49
99
445
23
19
18
19
32
9
6
79
66
74
62
151
70
17
35
414
0
37
199
4
0
21
29
25
62
249
477
146
171
38
79
198
148
677
306
45
117
79
24
94
18
34
37
59
53
7
44
25
8
85
28
40
69
48
71
14
17
78
51
347
389
715
382
17
5
177
159
135
77
1127
38
190
273
28
18
674
64
158
67
51
81
221
294
108
118
32
300
0
699
665
99
19
55
42
28
107
43
22
92
55
1195
1504
355
250
86
69
90
202
289
186
59
164
334
244
57
228
216
131
257
46
102
548
164
230
112
75
100
107
36
117
399
41
82
0
0
0
44
0
306
0
27
180
88
1314
184
131
159
27
112
186
34
99
181
61
320
460
147
492
22
0
225
49
137
107
63
39
128
113
81
64
199
218
62
143
1
50
417
344
224
223
742
0
336
446
2057
3027
82
11
51
59
704
1234
7
27
406
543
11
58
37
207
0
0
157
232
64
29
24
61
34
705
0
0
115
48
125
126
29
7
21
126
0
0
76
126
178
37
407
328
411
384
453
91
337
266
41
189
497
1143
56
228
64
35
64
104
421
158
32
69
175
210
0
27
107
58
84
6
44
9
10
4
228
200
61
35
68
35
371
534
36
2
917
3
301
249
12
274
320
195
319
144
182
233
4
33
0
28
432
393
153
250
38
50
26
40
1101
0
29
83
150
78
48
29
130
159
398
1398
325
336
135
285
519
416
294
128
57
206
233
386
95
148
49
4
0
0
41
76
65
61
62
129
27
72
310
187
4061
1746
91
42
87
275
206
428
96
73
174
59
47
93
133
150
189
218
195
67
6
89
120
147
102
36
224
180
27
139
42
28
92
58
144
234
1203
1890
0
0
86
756
416
87
63
50
420
2042
189
219
9
34
0
113
143
0
225
222
68
65
13
68
141
542
263
473
271
227
210
233
0
0
59
48
83
28
64
71
69
59
59
17
12
29
76
59
178
239
92
194
186
276
73
225
328
346
3
7
64
13
45
122
57
56
24
13
39
30
51
75
47
109
103
1
120
577
102
52
89
136
3684
2422
35
125
2851
5272
207
220
110
111
1442
383
265
279
24
61
34
173
50
154
44
6
135
368
140
81
16
19
156
78
42
55
105
107
619
1944
323
315
64
27
123
222
312
283
178
426
76
167
189
136
122
505
740
797
135
153
83
62
45
14
826
1948
143
41
290
63
76
174
2298
2255
136
117
249
95
6
29
69
56
872
158
238
240
161
530
366
372
157
126
198
155
158
143
112
51
117
14
336
251
191
258
271
311
41
0
415
187
1394
1611
219
63
269
186
0
153
419
561
781
40
84
49
179
97
26
879
84
185
150
49
38
607
264
702
255
52
88
76
154
70
13
143
24
28
66
131
193
0
0
25
122
334
1160
385
437
177
165
386
317
54
67
46
78
450
273
83
195
54
82
256
131
105
54
1917
2046
243
59
46
51
108
410
239
259
158
281
82
270
12
14
45
1014
39
40
217
47
79
43
0
0
0
0
39
87
55
39
113
80
33
57
68
73
144
525
385
329
406
513
19
125
191
235
1080
238
254
308
249
253
77
7
140
228
74
76
285
328
20
61
241
156
86
108
167
152
117
301
113
41
113
144
337
90
38
84
83
204
90
478
123
0
95
363
385
190
285
271
127
107
75
88
260
258
32
35
37
38
459
248
368
197
4
0
6
514
37
43
59
93
58
49
123
133
186
74
67
179
309
330
1902
6254
259
297
20
4
386
322
564
471
52
57
13
157
215
119
33
198
2
14
1
0
0
0
202
214
2111
1046
177
124
38
12
20
49
32
32
4
54
63
70
95
297
106
50
20
13
1435
1210
23
36
66
36
27
7
16
86
31
166
44
58
161
201
281
222
2018
3722
510
374
262
132
155
555
106
82
0
0
408
437
206
380
0
0
96
234
233
185
232
181
29
10
180
185
163
179
507
395
0
0
143
216
446
259
105
168
93
64
53
28
20
59
130
61
141
145
23
77
26
22
85
123
176
140
222
272
68
67
190
51
220
203
45
34
543
228
0
0
37
3
96
52
206
110
267
465
79
258
315
282
9
14
724
52
8
4
58
80
780
47
44
0
85
157
226
375
273
263
1708
2172
193
325
122
107
97
152
295
150
111
136
53
22
92
103
44
57
2667
2400
1947
1720
159
203
234
215
130
92
192
198
268
244
2769
907
123
182
546
484
277
331
193
329
167
136
191
70
76
54
140
753
0
597
454
429
192
2047
190
201
510
1164
222
87
304
257
72
69
61
102
247
16
95
34
42
38
29
50
172
180
52
60
141
155
78
84
19
52
107
150
324
919
1758
635
62
55
7
4
43
66
288
327
0
5
149
205
112
113
49
33
107
103
127
143
145
164
87
132
0
44
23
542
284
337
2677
203
275
252
2260
2585
258
196
222
54
84
414
258
200
424
0
58
266
274
132
114
123
99
19
27
131
163
145
135
114
263
164
159
344
411
81
131
153
124
147
183
398
158
36
98
63
164
156
95
884
662
611
606
254
87
18
18
0
0
10
8
70
42
63
77
67
110
228
333
307
796
105
92
400
628
35
27
142
105
84
76
63
43
46
25
141
272
157
169
168
104
180
110
9
149
44
454
95
40
8
78
141
131
0
0
69
81
100
1588
169
98
215
223
134
140
679
1129
180
44
0
0
618
196
121
69
36
96
175
24
1307
998
138
150
54
131
44
27
51
25
110
59
377
116
225
69
291
57
307
373
39
38
743
163
19
327
74
312
117
133
