677 386 718 362
669 397 708 375
704 426 743 407
654 406 693 384
677 406 716 386
693 424 731 405
709 422 746 404
672 400 712 379
685 386 726 362
693 382 734 356
716 385 757 359
692 392 732 369
710 390 752 366
704 382 747 356
724 381 762 362
647 401 686 381
651 386 690 365
679 369 719 346
731 373 769 356
723 370 762 351
721 389 759 371
718 394 756 376
688 399 727 379
679 445 719 424
681 439 720 418
688 429 727 409
694 440 734 419
705 429 744 409
718 431 756 412
673 450 711 430
669 444 708 425
686 426 725 406
705 452 744 432
685 454 724 435
692 449 732 429
671 439 710 419
696 418 734 400
718 417 755 401
681 456 719 439
710 449 749 429
724 432 762 413
712 376 754 349
685 472 724 453
653 437 692 418
662 463 700 445
646 468 683 453
678 481 716 463
691 475 730 457
683 487 722 469
688 468 727 450
711 473 749 456
699 483 738 465
718 474 756 458
749 443 771 463
738 458 759 480
635 519 659 535
664 501 690 517
619 530 637 553
571 519 589 541
583 506 607 517
609 511 633 523
752 371 774 388
683 380 724 356
695 373 737 347
726 349 759 338
687 412 725 393
676 413 714 394
649 410 687 390
638 387 677 366
707 323 741 313
728 325 760 319
723 322 756 314
721 319 754 311
715 327 749 318
699 322 734 312
700 312 734 303
702 328 736 318
713 306 745 300
714 297 746 293
720 301 751 298
688 303 722 293
688 296 722 285
712 330 746 320
710 290 742 285
682 286 718 273
700 283 733 276
724 337 757 328
651 298 689 281
636 287 673 272
619 311 656 295
675 384 715 360
623 356 661 337
586 355 623 337
646 346 684 329
622 344 660 326
609 349 647 330
594 347 631 329
634 359 672 340
595 338 632 320
598 341 636 323
638 354 676 336
595 320 632 303
651 328 688 313
563 356 597 343
551 361 584 352
564 279 598 270
541 321 571 319
620 297 657 280
598 297 635 281
503 471 525 479
497 471 519 480
496 468 518 477
492 471 514 479
497 477 519 485
546 468 569 478
531 467 554 477
599 403 637 382
554 390 585 382
543 372 573 367
527 348 556 345
542 369 572 365
522 341 552 338
572 318 609 302
628 349 665 331
640 321 677 305
608 315 645 299
664 284 700 271
657 292 694 276
679 320 717 301
613 453 647 441
629 445 665 429
551 478 575 489
513 369 540 369
544 341 575 336
489 347 518 346
505 344 534 342
499 333 528 333
534 400 561 401
546 408 573 409
527 390 554 391
500 349 528 348
499 359 527 358
505 351 534 350
515 363 543 363
590 407 627 387
606 391 645 369
619 385 658 364
616 406 654 385
616 398 654 377
633 399 671 378
