4 1537555968
6 963547072
8 802548288
10 492336096
12 473014240
14 461173856
16 442171456
18 405279296
20 344554720
22 340319968
24 324437824
26 319575232
28 316396000
30 310802592
32 305358144
34 286028512
33 255657280
32 241144272
34 266604000
36 161754144
37 131580792
36 117605504
35 116265776
36 150310592
38 145025776
40 151775088
42 127812848
44 129989264
46 114521448
48 118651496
50 110513912
52 108098312
54 107414968
56 106359264
58 101426592
60 96055392
62 95688736
64 92593144
66 91097456
68 89816192
70 89763992
72 86543424
74 86567008
76 85562480
78 85376144
80 81821960
82 80420064
84 79807576
86 79958944
88 76764176
90 76511224
92 74600168
94 73322192
96 72594192
98 71966608
100 70920952
102 69438728
101 66103852
103 66630524
105 66257880
107 65144440
109 63926252
111 64547824
113 64602272
115 63237060
117 62757000
119 62130848
121 61598692
123 60812376
125 60504236
127 58976292
129 59261424
131 58955192
133 58250264
135 57254180
137 57102104
139 56745392
141 56648752
143 55840244
145 54384680
147 54046456
146 53865364
148 53771028
150 52605112
152 52697632
154 52268236
156 52181496
158 51816664
160 50794224
162 49772316
164 49610976
166 49215344
168 49138840
170 48714888
172 48723824
174 48160460
176 49303756
178 48640528
180 47075628
182 46576224
184 47061476
186 46309040
188 46002308
190 45562900
192 44509640
194 44172420
196 43909168
195 42638452
197 43044052
199 42929692
201 42814072
203 42273072
205 42044892
207 41907828
209 41747160
211 41317768
213 41295780
215 40887484
217 40920288
219 40509536
221 40580960
223 40557088
225 40401824
227 39972148
229 39948500
231 39545076
233 39627692
235 39370944
237 39522412
239 39172820
241 39206968
243 38740800
245 38964036
247 38442948
249 38622544
251 38271624
253 38450532
255 38204592
257 38374488
259 37929232
261 38156116
263 37675232
265 37812936
267 37594088
269 37624600
271 37247720
273 36526004
275 36207572
277 36273232
279 35662008
281 35476840
283 35121128
285 35017520
287 34730456
289 34723380
291 34536264
293 34459172
295 34337604
297 34256920
299 34124556
301 34239820
303 34154704
305 34153864
307 34220568
309 34463336
311 34140664
313 33516892
315 33538528
317 33283536
319 33223400
321 33020940
323 33013378
325 32743228
327 32736250
329 32368464
331 32456168
333 32186704
335 32364136
337 32076308
339 32116668
341 31898392
343 32034088
345 31756504
347 31808932
349 31582268
351 31759724
353 31395468
355 31417532
357 31185832
359 31339448
361 32029948
362 31212172
364 31129942
366 31290732
368 30902216
370 31088112
372 30703180
374 30778322
376 30513616
378 30594348
380 30263444
382 30358940
384 30105950
386 30219624
388 29899028
390 30027482
392 29728876
394 29881356
396 29442810
398 29719464
400 29498776
402 29467044
404 29111892
406 29081552
408 28727168
410 28926564
412 28582914
414 28679132
416 28519522
418 28632724
420 28493388
422 28613468
424 28334336
426 28418900
428 28184552
430 28249848
432 27798200
434 27994532
436 27703404
438 27833280
440 27846728
439 27623358
441 27650416
443 27648342
445 27509922
447 27537192
449 27321144
451 27258136
453 27183942
455 27214838
457 27050964
459 27242172
461 27021840
463 27081798
465 26910560
467 26841132
469 26669616
468 26500200
470 26615948
472 26568454
474 28792684
476 27696492
478 26962516
480 26457404
482 26355190
484 26195110
486 26222010
488 25976396
490 25938052
492 26184860
494 25776576
496 25638768
498 25637562
500 25482248
502 25499412
504 25277136
506 25326360
508 25048018
510 24981350
512 24861784
514 24809576
516 24630980
518 24716756
520 24568968
522 24611868
524 24469576
526 24494360
528 24404196
530 24466344
532 24335786
534 24380090
536 24077928
538 24113032
540 24001092
542 24042468
544 23951940
546 23931460
548 23875736
550 23788168
552 23750402
554 23795888
556 23722814
558 23737568
560 24158510
562 23974424
564 23699544
566 23531464
568 23579292
570 23503944
572 23548090
574 23508024
576 23509964
578 23455488
580 23485188
582 23407560
584 23384812
586 23282496
588 23277598
590 23200628
592 23107628
594 23083034
596 23054220
598 22988280
600 23050902
602 22939934
604 22927222
606 22896192
608 22786212
610 22676636
612 22697152
614 22650004
616 22682732
618 22590286
620 22595344
622 22529478
624 22600008
626 22624460
628 22752444
630 22646404
632 22659484
634 22597300
636 22453104
638 22394272
640 22466788
642 22378444
644 22367444
646 22276606
648 22260892
650 22198436
652 22235824
654 22161904
656 22154872
658 22087144
660 22033664
662 21908752
664 21930488
666 21900924
668 21889490
670 21870832
672 21948190
674 21923200
676 21920302
678 21870136
680 21855376
682 21860328
684 21820796
686 21716596
688 21724980
690 21660938
692 21641372
694 21508938
696 21501996
698 21471244
700 21449428
702 21418700
704 21457068
706 21357382
704 21459660
706 21478794
708 21419808
710 21391218
712 21329256
714 21316220
716 21246336
718 21190280
720 21148376
718 21146820
720 21011950
722 20972874
724 20952650
726 20890392
728 20889138
730 20874642
732 20890170
734 20855956
736 20921386
738 20833686
740 20847056
742 20811300
744 20842216
746 20729330
748 20773916
750 20760118
752 20701518
754 20600616
756 20593446
758 20545898
760 20495728
762 20453098
764 20498320
766 20438634
768 20465508
770 20420478
772 20431880
774 20338426
776 20320064
778 20270930
780 20291132
782 20241690
784 20238902
786 20208814
788 20216102
790 20212822
792 20228084
794 20088112
796 20111424
798 20029312
798 19950084
800 19952010
802 19927936
804 19898516
806 19879172
808 19864596
810 19846656
812 19869726
814 19831208
816 19859824
818 19790196
818 19775906
820 19818478
822 19786932
820 19829354
822 19722720
824 19707022
826 19799830
828 19711818
830 19737950
832 19689650
834 19681702
836 19652034
838 19659450
840 19582170
842 19524684
844 19503252
846 19457298
848 19617476
850 19491012
852 19406940
854 19409396
856 19445648
858 19385380
860 19398360
862 19351936
864 19267852
866 19252176
864 19383528
866 19219892
868 19179284
870 19182680
872 19139624
874 19124914
876 19157146
878 19101862
880 19040734
882 19018812
884 18984692
886 18942242
888 18906170
890 18915852
892 18882216
894 18854658
894 18807100
894 18808436
896 18787464
898 18836710
900 18774144
902 18807582
904 18734680
906 18680050
908 18691230
908 18590512
910 18628006
912 18616386
914 18550322
916 18572568
918 18492440
920 18478842
922 18412140
924 18425776
926 18387142
928 18413686
930 18343812
932 18386022
934 18298452
936 18361168
938 18302756
940 18347380
942 18274344
944 18338942
946 18264540
948 18298282
950 18230276
952 18265234
952 18304232
954 18245282
956 18203188
958 18223490
960 18226312
962 18235662
964 18196140
966 18206406
968 18137356
970 18167142
972 18121596
974 18147704
976 18111932
978 18167188
980 18109244
982 18131996
984 18128668
986 18150242
988 18054916
990 18069764
990 17999200
992 18082208
994 17970852
996 18025872
998 17918064
1000 17927424
