4 1537373056
6 963404992
8 802936896
10 491598912
12 470212352
14 460465760
16 441029152
18 404328064
20 348688192
22 337367968
24 325302784
26 307809952
28 308744960
30 299600832
32 296568288
31 193791744
33 204451344
35 202639696
34 172339984
33 169136016
32 162008656
34 166609040
36 163577536
38 149250176
40 147346928
42 138808368
41 135453376
43 127482920
45 116364592
47 114679696
49 113564688
51 101340032
53 94976688
55 91954088
57 89369384
59 88656016
61 84161256
63 83745432
65 83009936
67 82886096
69 81267976
71 81611640
73 80237504
75 79823176
77 79004840
79 79087312
81 78045504
83 78034848
85 77220560
87 76966800
89 76059984
91 75947240
93 75206568
95 75092256
97 73815456
99 74117864
101 73054568
103 73798432
105 73357584
107 72629176
109 71062304
111 72006536
113 70103784
115 70341536
117 67831048
119 67639264
121 66252688
123 66965792
125 65563416
127 65882448
129 63913624
131 63721984
133 62684512
135 64023000
137 58084504
139 58299312
141 56208128
143 56835504
145 55695868
147 56495212
149 55702488
151 55486608
153 54694100
155 54335924
157 53953896
159 53596880
161 52135532
163 51481268
165 51636684
167 51151488
169 51182924
171 50614260
173 50236832
175 49755360
177 49700840
179 49703896
181 49370684
183 48628228
185 47968680
187 48841808
189 48356696
191 47913352
193 47246952
195 46871552
197 46811568
199 46524600
201 46749732
203 46588484
205 46839784
207 46250472
209 45890720
211 45507232
213 44989024
215 45022668
217 44631052
219 44091448
221 43764260
223 43409392
225 43285480
227 44033824
229 43315320
231 42737504
233 42525272
235 42311272
237 42348256
239 41949116
241 41735432
243 41394752
245 41317324
247 41164716
249 40556848
251 40429216
253 41352052
255 40506036
257 39607312
258 41697452
260 41237944
262 40631400
264 39793468
266 39399952
268 38857048
270 39078036
272 38972472
274 38927344
273 39004492
275 39093284
277 39170428
279 39060620
281 38905544
283 38789744
285 38513416
287 38461460
289 38427744
291 38239740
293 38194100
293 37740552
292 37857436
294 37482248
296 37368864
297 37227644
299 37216872
301 37007744
303 36940632
305 36804652
307 36719260
309 36649996
311 36420780
313 36869832
315 36567388
317 36516688
319 36234092
321 36253612
321 35922592
323 36200352
325 35991492
327 36006464
329 35788856
331 35600280
333 35508768
335 35475016
337 35310176
339 35262056
341 35249448
343 34930584
345 35192144
347 35070900
349 35037776
351 34890132
353 34869336
355 34593816
357 34399388
359 34314004
361 34339832
363 34173192
361 34137880
363 33936256
365 33922648
367 33964576
369 33904152
371 33900324
373 33875664
372 34201968
374 33780792
376 33666716
378 33594724
380 33292938
382 33313690
384 33330792
386 33332828
384 33697436
386 33335544
388 33555360
390 33386572
392 33219792
394 33092216
396 32861004
398 32934084
400 32892308
402 32907900
404 33229128
406 33030780
408 32970882
410 33083356
412 32911240
414 32843604
416 33009772
418 32852844
420 32703364
422 32619524
424 32713832
426 32620544
428 32568400
430 32524048
432 32376916
434 32383524
436 32326322
438 32278760
440 32169812
442 31850252
444 31995618
446 31875492
448 32060214
450 31932784
452 32272348
452 31770548
454 31974104
456 31841660
458 31960168
460 31649512
462 31683356
464 31423880
464 31064800
466 31345228
468 31364156
470 30997908
472 31341464
474 31076422
476 31389780
478 31298214
480 31532730
482 31196356
484 31390014
486 31166876
488 31360516
490 31227060
490 30939480
492 31172080
494 31453120
496 31206828
498 31303636
500 31108970
502 30975898
504 30816096
506 31112654
508 31015544
510 31108316
512 30986816
514 31015324
516 30989544
516 30872150
516 30525324
518 30643168
520 30594912
522 30530564
522 30322872
524 30453168
524 30186628
526 30282476
528 30317556
530 30198872
532 30455888
534 30219402
536 30308822
538 30351280
536 30259584
538 30302216
540 30245188
542 30223864
544 29969304
546 29981200
544 29852342
546 29830352
548 29816684
546 29884068
548 29753828
550 29708862
552 29590230
554 29624200
556 29516724
558 29592380
560 29641852
562 29778236
564 29496554
566 29511764
568 29315076
570 29495456
572 29387938
574 29108938
572 28898648
574 28879248
576 28957482
578 28799084
578 28744184
580 28978614
582 29126970
582 28824844
584 28860084
582 28823190
584 28987552
586 28917172
588 28634696
586 28788618
588 28881326
590 28573684
592 28706704
594 28399252
594 28126644
596 28357610
598 28437208
600 28242786
602 28343510
604 28127314
606 28403420
608 28123790
610 28285646
612 28165872
614 28216544
616 27915976
618 27804944
620 27881696
622 27789444
624 27754100
624 27724066
626 27824624
624 27812220
626 27856872
628 27943264
630 27767552
630 27518740
632 27567728
634 27694148
636 27442532
638 27600538
640 27241238
642 27506756
640 27306656
640 27072400
642 27624416
644 27587844
646 27425664
648 27397060
648 27109446
650 27366852
652 27186692
650 27255488
650 26639184
652 26890908
650 27046860
652 26742272
654 26810072
656 26709396
658 27045724
660 26868908
660 26506480
662 26699636
664 26713052
664 26469768
664 26336256
666 26779050
668 26794944
670 26535104
672 26568704
674 26571768
672 26598324
672 26283256
674 26278470
676 26789884
678 26705976
680 26225812
682 26499058
681 26797468
683 26693908
681 26745576
683 26712328
685 26724536
687 26880280
689 26872668
691 26671748
693 26716704
695 26739760
697 26623352
699 26616508
701 26709116
703 26694672
703 26476248
701 27046980
701 26435876
703 26498208
701 26870170
703 26484512
703 26143384
699 26591824
701 26819250
703 26928490
705 26963930
703 26991396
701 27009932
703 26883334
703 26139640
705 26479604
706 26377776
708 26438680
708 26107528
710 26445528
712 26274600
714 26143104
716 26018428
714 26164250
716 25954376
718 26075708
720 25980288
722 25925220
724 25886900
726 25948328
728 25813696
730 25804464
732 25910816
734 25848892
736 25664936
734 25570884
736 25568476
738 25497336
740 25469442
742 25261708
744 25290532
746 25469944
748 25486374
750 25436922
752 25551574
752 25214330
750 25381872
752 25465650
754 25294244
754 24993104
752 25385118
754 25233124
756 25169396
754 25255026
756 25074684
752 24959778
754 25119564
754 24788468
756 25081504
754 25157376
756 25069484
756 24722356
758 24972098
760 24913088
762 24858988
764 24807492
766 24717000
768 24703420
770 24672464
772 24651128
772 24333400
774 24367564
772 24490014
772 24378914
774 24531780
776 24509948
778 24298976
780 24319212
782 24246224
780 24009576
782 24195184
782 23864596
784 24139486
786 24024146
786 23693432
788 23873996
790 23962270
792 23946576
794 23907330
796 23967310
798 23866540
800 23832920
802 23936088
804 24043698
806 23995418
808 23965886
808 23672848
808 23650608
810 23851212
812 23726420
814 23689280
816 23784492
818 23806936
816 24041770
814 24042264
816 24023360
814 24310204
816 24102960
818 24081980
820 24005232
818 23648210
820 24050612
822 24179976
824 24102784
826 24032690
824 24204282
826 24138786
828 24115924
828 23706864
828 23711680
830 23909680
832 23914284
834 23813416
836 23926972
838 23881012
840 23895356
840 23560952
840 23651546
842 23804236
842 23584408
844 23596228
844 23367234
844 23360608
846 23529658
844 23865884
846 23677430
848 23737928
846 23946248
846 23468640
848 23735760
848 23570420
848 23490128
846 23797676
844 23904408
846 23945868
846 23746492
848 23948644
850 23826196
852 23698932
850 24019240
852 23645320
852 23395292
854 23502030
852 23918588
854 23354266
856 23312898
854 23694570
856 23434428
856 23228420
858 23451824
860 23449184
862 23342972
864 23300964
866 23296700
864 23686828
866 23255248
868 23228994
870 23237384
870 23034920
870 23019786
870 23014540
870 22950700
868 23590480
870 23132888
872 23117256
874 23123376
874 23155680
872 23631172
870 23619236
870 23097496
872 23347780
874 23224190
874 23044248
874 23042952
872 23361378
870 23329336
872 23190520
874 23364700
876 23275848
874 23358744
876 23287700
878 23316536
876 23357028
878 23287008
876 23337424
878 23256754
880 23315336
882 23237880
884 23346286
886 23356760
886 23256052
884 23145140
882 23345478
882 23229844
884 23339924
882 23380620
881 23129352
883 23324664
885 23260152
883 23359632
881 23341332
883 23335508
885 23243876
887 23283424
887 23033772
885 23469988
887 23173952
889 23085976
891 23059448
893 22965268
895 22968720
897 22872808
899 22911708
901 22851888
901 22792008
903 22844244
905 22809928
907 22760244
909 22728700
911 22739072
913 22699832
911 22904402
913 22562876
911 22929164
913 22674036
913 22713770
915 22720504
917 22630478
915 22958244
917 22539400
917 22435022
915 22749866
917 22420092
919 22372712
917 22856676
919 22423808
919 22441928
919 22454572
921 22551740
923 22469628
923 22432392
921 23004632
923 22497384
925 22351292
923 22808456
925 22164884
927 22150680
929 22072636
927 22611328
927 22016326
929 22083060
931 22581018
933 22512176
935 22470128
937 22447924
939 22363666
939 22170932
941 22189524
943 22128440
945 22026168
943 22415982
945 22064040
945 21952212
947 21921020
945 22328022
943 22359320
945 21986732
947 22024076
949 21916024
951 21853400
949 22197216
949 21794452
951 21838764
949 22211596
951 21858384
951 21850128
953 21890564
953 21906706
955 21879768
955 21793122
955 21792720
957 21815262
957 21709666
959 21691854
959 21638892
958 22127792
956 22141710
956 21798642
958 21800080
960 21734964
960 21631204
962 21682912
962 21636360
964 21679708
966 21629460
968 21669312
970 21589170
972 21596256
974 21657502
974 21662568
976 21723690
976 21746612
978 21766752
978 21685770
978 21738926
976 21950092
976 21761380
974 22020128
974 21788928
976 21780484
978 21693124
978 21675228
978 21619124
980 21644116
982 21670336
980 21905152
982 21716000
982 21589146
984 21576260
986 21533504
985 21823318
987 21539096
989 21487436
987 21408298
987 21408540
987 21356718
987 21401212
989 21337778
991 21310910
989 21140994
991 21355970
993 21341930
991 21188904
993 21325018
993 21383600
993 21433804
993 21520126
993 21430928
995 21502320
995 21448516
995 21412200
997 21392704
999 21465720
1001 21422064
