4 1537402624
6 963415232
8 803104576
10 492598304
12 474567648
14 456689568
16 438919072
18 402022976
20 338060480
22 332444800
24 332685120
26 325782336
28 301663776
27 261811088
29 194976400
30 164526864
32 159445744
34 145110128
36 141276848
38 125037200
40 115591808
42 120485288
44 111217560
46 116447520
48 109002272
50 102993088
52 101131672
54 98646144
53 108693344
55 96294504
57 93197216
59 88918424
61 87978368
63 87631408
65 86590768
67 85743744
68 84107480
70 83362992
72 84264344
71 79016744
73 83897632
75 82868360
77 80097672
79 75367472
81 75092080
83 73941888
85 75471584
87 71482376
89 71873320
91 69948208
93 69894560
95 69271200
97 66141516
99 68131480
101 65557032
103 67738696
105 65348432
107 67117824
109 64161888
111 63628472
113 59863168
115 62331560
117 58514752
119 60074140
121 57768064
123 59342520
125 55956212
127 56708308
129 54142852
131 56053792
133 53603552
135 56858336
137 54463296
139 56227040
141 56010708
143 55794760
145 53459000
147 53830112
149 52253780
151 53079304
153 51995320
155 52888780
157 51682372
159 52447752
161 51354128
163 51875044
165 51018904
167 51597692
169 50833336
171 51231672
173 49932244
175 49748560
177 50088704
179 49791524
181 48998992
183 48693928
185 47849692
187 46933728
189 46422312
191 46235080
193 46167744
195 45660388
197 45788992
199 45083616
n201 45078536
203 44993400
205 45166684
207 45015852
209 44764888
211 44605232
213 44417400
215 44869240
217 44643728
219 44561972
221 44395008
223 44226936
225 43980812
227 43905160
229 43448064
231 43283136
233 43215792
235 42778084
237 42656792
239 42776788
241 42562664
243 42399720
245 42350032
247 41853180
249 41601932
251 41158800
253 40944724
255 40938536
257 40937264
259 40939712
261 40529532
263 40660552
265 40303592
267 40490972
269 40366432
271 40070832
273 40109716
275 40495144
277 39737412
279 40127416
281 39571192
283 39499536
285 39236336
287 39264208
289 38785056
291 38895504
293 38270728
292 38914644
291 38852908
293 38294756
295 37890576
297 38014980
299 38016032
301 38075196
300 38215576
302 37902776
304 37849172
306 37779980
308 37740680
310 37714100
312 37598832
314 37450040
316 37450508
318 37388664
320 37457768
322 37332680
324 37307976
326 37170636
328 37254740
330 36823720
332 36677636
334 36633740
336 36161856
338 36128696
340 36264972
342 36082748
343 35878228
345 35812248
347 35849908
349 35796784
351 35775696
353 35487420
355 35412448
357 34834876
359 35111488
361 34768984
363 35004584
365 34511240
367 35012384
369 34522048
371 34853680
370 34493104
372 34685548
374 34694720
376 34502344
378 34233368
380 33804340
382 34023672
384 33718460
386 33707736
388 33298736
390 33423594
392 33129808
394 33149524
396 32833026
398 33024804
400 32835042
402 32940662
404 32532620
406 32737140
408 32079488
410 32381796
412 31934544
412 31755932
414 31758074
414 31588560
414 31584544
416 31696336
418 31056980
420 31341964
422 31057140
424 31327518
426 30950750
428 31435084
430 31166128
432 31397112
434 31088796
436 31414700
438 31013118
440 31296902
442 30837272
444 31161012
446 30737680
448 31020266
450 30818952
452 30952786
454 30522656
456 30865790
458 30626566
460 30980256
462 30678626
464 30690482
466 30561044
468 30621080
470 30528024
472 30544916
472 30213296
474 30365348
476 30094324
478 30276948
480 30081984
482 30141024
484 29858956
486 30043388
488 29932828
490 30063088
492 29886242
494 30023764
496 29845108
498 29811098
498 29378328
500 29492620
502 29394174
502 29412692
504 29781404
506 29829852
506 29453538
508 29689168
510 29464958
512 29562646
514 29379174
516 29435872
516 29152884
516 29123308
516 28962624
518 29213332
520 28852516
518 28971652
520 29047078
522 28678748
524 28871366
526 28665584
528 28792984
530 28749700
532 28961880
534 28686872
536 28813318
538 28512068
540 28507206
542 28192616
544 28319946
546 28101380
546 28062092
548 28047864
550 28145872
552 27962976
554 28042056
556 27787176
558 27826498
560 27517528
562 27555486
564 27407292
566 27453454
568 27160542
570 27211130
572 27075516
574 27394044
576 27127308
578 27345968
580 27152384
580 27052220
582 27099524
584 27147344
586 26886618
588 27001108
590 26735852
592 26952834
594 26755020
596 26921912
598 26684570
598 26611224
600 26555522
602 26639024
602 26193480
604 26340364
606 26179616
608 26397638
610 26176674
612 26131582
614 26182188
616 26191828
618 26144712
620 26023188
618 26320976
620 26192004
622 25843604
624 25990250
626 25842476
628 26005132
626 26095288
626 25812618
628 25944036
630 25739488
632 25951418
634 25749192
636 25848890
638 25584718
640 25791736
642 25546750
640 25800422
640 25441428
640 25368200
642 25460854
644 25362812
646 25431288
648 25283726
650 25329844
652 25122650
654 25269686
654 25095832
654 25170678
654 25266848
656 25313100
658 25087882
660 25212344
660 25044852
662 25124888
664 25027842
666 25129944
668 24810624
668 24698536
668 24665370
670 24763210
672 24545452
672 24506512
674 24627424
676 24653492
674 24471200
676 24595128
678 24557188
680 24513542
682 24448588
682 24269766
684 24141416
686 24224598
688 24034844
690 24056334
692 24063060
694 23953708
696 24118284
696 23886092
696 23777252
698 23767376
700 23668660
702 23657706
704 23533688
706 23600298
708 23490790
708 23387230
708 23340146
710 23524590
712 23421170
714 23534266
716 23434892
716 23227520
718 23248324
717 23098712
716 23807040
718 23137588
720 23269338
722 23140746
724 23195250
726 23120168
726 23041276
726 23029484
724 22885288
726 23001346
726 22924368
728 23114432
728 23051132
728 23072112
730 23305534
732 23176560
734 23288414
736 23081072
738 23177866
738 22974172
740 23115022
740 22910434
742 23125120
744 22957042
746 23003658
748 22921582
746 22779200
746 22756744
748 22935792
750 22849072
752 22975884
754 22869372
756 22962600
758 22725460
756 23077442
758 22788926
758 22619320
760 22790458
762 22913126
762 22726448
764 22753114
766 22818832
768 22751338
768 22732654
768 22633118
770 22798522
772 22726538
774 22869108
776 22804694
776 22630684
778 22719104
778 22556746
778 22463216
780 22625760
782 22542316
784 22551914
786 22426192
788 22463610
790 22299456
790 22127728
790 22119672
790 22148760
790 22086692
790 22111156
792 22227040
794 22321694
794 22076624
794 22032642
796 22060968
798 22116608
798 22006720
800 22098120
802 22112300
804 22003570
804 21886408
806 21962144
808 21893254
808 21806934
808 21761010
808 21808612
810 21810592
812 21750610
814 21698178
816 21732226
818 21697952
820 21735400
820 21676596
822 21732070
822 21521604
824 21726664
826 21687616
828 21709312
830 21698296
830 21681932
832 21659732
834 21605270
834 21576856
836 21596448
838 21670868
840 21559716
840 21440380
842 21504782
844 21480386
846 21355110
848 21330958
850 21304864
852 21333036
854 21351006
854 21314990
854 21311876
854 21281268
854 21246590
852 21960808
854 21493040
856 21443384
858 21433212
858 21350256
858 21339720
860 21413544
862 21362552
864 21247556
866 21166066
864 21862544
866 21236058
868 21233630
868 21141328
870 21267326
870 21154752
870 21132680
872 21236362
874 21130558
876 21117762
878 21065024
880 21128120
880 20991824
882 21063642
884 21015134
884 20892358
886 21023190
888 21070552
888 20820428
890 20987128
892 20971184
894 20935764
896 20917420
898 20722604
900 20826724
900 20598522
902 20777752
904 20684616
904 20576102
906 20668940
904 21247528
904 20591064
906 20775736
908 20652704
906 21285548
908 20652854
910 20652748
912 20611542
914 20579722
914 20456388
916 20505286
916 20355660
918 20478290
918 20319990
920 20393518
922 20431034
922 20286170
924 20446118
924 20311184
926 20432806
928 20473346
930 20460338
928 21053000
928 20407340
928 20407408
926 21002816
928 20568608
930 20482470
930 20340888
932 20452624
934 20532256
936 20558304
938 20521102
940 20483692
942 20513524
944 20427372
946 20444968
946 20237224
948 20425988
948 20221920
948 20213720
948 20132208
950 20224036
950 20116348
950 20071560
948 20498436
950 20213084
952 20199760
954 20214936
956 20179488
958 20202548
958 20102952
960 20213866
962 20179714
964 20128830
966 20147350
968 20142118
968 19998280
970 20110314
970 19960604
972 20050694
974 20020178
976 19946066
978 19910094
980 19886842
982 19861390
984 19862534
986 19868382
988 19832376
990 19835772
992 19770202
994 19798952
996 19783676
994 20097836
996 19763176
998 19735620
1000 19717828
