4 1537340672
6 941838720
8 696391360
10 981782784
12 557896640
14 555459392
16 428201408
18 472288352
20 407874784
22 313456704
24 305203072
26 308222976
28 296615424
29 277394240
31 270460864
30 227832960
32 233954560
31 181675552
33 198738640
35 198879360
37 190885616
39 194575104
41 187813680
43 179633680
45 178012528
47 164432576
49 110375464
51 104422512
53 103180848
55 98770512
57 95712120
59 95869216
61 94315600
63 93826424
65 91558744
66 90570432
68 89052848
70 88025368
72 86486488
74 84541592
76 82753480
78 82948736
80 82273832
82 83155264
84 81185224
86 81342448
88 79698456
90 79746344
92 77436504
94 76862816
96 74900032
98 74906712
100 73366744
102 73960688
104 72338400
106 69649416
108 69207896
110 67684784
112 65021920
114 64599136
116 63198272
118 62561844
120 63015220
122 61303856
124 61150684
126 60491872
128 60128400
130 59140212
132 59463828
134 58445176
136 59641824
138 59231576
140 57849880
142 55290892
144 56265748
146 53696528
148 55869540
150 53230128
152 54669772
154 52896436
156 54872632
158 53321912
160 55174100
162 53119268
164 55194352
166 53279348
168 55140096
170 53528296
172 55064884
174 53153536
173 52413416
175 53071540
177 52380952
179 52404888
181 51887360
183 52093872
185 51609308
187 51791096
189 51357960
191 50801072
193 50244608
195 50658092
197 50280956
199 49967588
201 49464568
203 49507804
205 49596500
207 49426644
209 49038024
211 48893272
213 48686352
215 48483508
217 48247832
219 48500584
221 48314788
223 48082000
225 47733368
227 47874352
229 47594536
231 47333804
233 47136652
235 47125928
237 46898460
239 46871436
241 46789844
243 46470452
245 46298868
247 46607100
249 45948792
251 45850832
253 45772388
255 45341072
257 45153176
259 44948648
261 44866772
263 45303712
265 45038824
267 45140932
269 44857596
271 44347356
273 44481368
272 44092160
274 44479060
276 44231828
278 44744632
280 44553056
282 44612132
284 44429904
286 44520504
288 44244904
290 44176268
292 43917844
294 43948536
296 43696840
298 43813888
300 43511060
302 43817508
304 43435860
306 43579768
308 43500564
310 43486048
312 43127824
314 43446288
316 43807840
318 44021300
317 43764536
319 44018264
321 43932368
323 43143852
325 43100924
327 43164960
329 43332352
327 42773952
329 43504944
331 43107112
333 43025844
335 42889372
337 42064188
339 41937340
341 41915696
343 41886500
345 41686712
347 41808112
349 41614844
351 41552452
353 41360796
353 40852072
355 41128464
357 41049508
359 40620832
361 40317040
363 40379344
365 40443164
367 39982832
369 40305988
371 40207428
373 40072092
375 40195392
377 40361960
379 40161288
381 40143588
383 40078896
385 40115492
387 40067752
389 39736648
391 39823072
393 39717900
395 39375488
397 39489056
399 39247348
401 39154840
403 39129680
405 39069980
407 39036896
409 39346416
411 38877648
413 38673944
415 38688132
417 38726764
419 38755676
421 38696436
423 38435832
425 38200344
427 38600136
429 38208144
429 37939888
431 38221144
433 38133800
432 37763772
434 38291812
436 38112124
438 38086668
440 38043852
442 37981396
444 37873496
446 37853832
448 37562432
450 37820772
452 37723524
454 37541720
456 37596120
458 37538336
460 37547356
462 37471392
464 37447820
466 37433644
468 37306888
470 37382820
472 37782908
474 37847640
476 37792536
478 37977432
480 37642368
480 37481552
482 37667716
484 37670880
486 37568796
488 37498160
490 37332948
492 37345576
494 37404256
496 37343412
494 36842136
496 37452208
494 37026048
496 37708472
498 37501032
500 37337568
502 36919392
502 36686716
504 36935084
502 36739264
504 37336884
504 36903984
506 37080664
508 37015936
510 37035704
512 36641568
514 36841640
516 36541548
518 36494236
520 36327744
522 36306264
520 35964104
522 36226408
520 35873028
522 36466184
524 36473216
526 36576996
524 36359968
526 36919768
528 37001700
530 37113256
532 37136460
534 36877660
536 37124812
534 36861124
536 37406828
538 37109916
540 36968116
538 36981388
540 37187756
542 36830628
544 36462892
546 36138104
544 36143604
542 36215644
540 36242132
542 36215056
544 35962996
546 36159328
546 36011552
548 36334316
550 36345552
552 36584184
554 36744912
556 36978212
558 36707464
560 36846444
562 36693052
560 36477128
562 36533136
564 36327324
566 36392112
568 36180856
570 36427400
568 36082784
570 36506764
572 36480696
574 36251864
576 36346968
574 35997944
576 36066280
578 36224576
580 36171808
582 36289856
582 35941000
584 36225136
586 36051716
588 36086336
590 35839016
592 35795520
594 35701004
596 35796132
598 35664204
600 35724972
602 35571280
604 35620584
606 35327384
606 34962980
608 35071320
610 34968720
608 34621648
610 34798904
612 34760572
614 34642520
616 34658096
618 34370412
620 34649448
622 34388508
624 34465916
626 34482264
628 34575144
630 34281424
632 34449520
634 34517076
636 34467040
634 34057484
636 34315340
638 34210320
635 34091620
637 34257280
639 34317500
641 34015144
643 34002912
645 33500328
647 33876904
649 33607112
651 33568648
653 33697856
655 33310952
657 33554440
659 33608604
661 33902280
663 33830484
661 33582144
663 33960736
665 33679748
665 33413560
663 33746304
665 33792024
667 33744752
669 33741204
671 33713708
673 33440092
675 33510868
677 33566396
677 33182212
679 33995960
678 33654900
680 33834428
682 34025548
684 34007156
686 34128628
688 33740616
686 33744472
686 33653512
688 33835824
690 34028948
692 33670144
694 33634272
696 33897992
698 33747000
700 33855788
702 33639960
704 33705632
706 33355244
708 33850624
710 33675044
708 33481684
710 33614692
712 33245240
714 33352648
716 33028164
714 32918596
712 32978440
714 33703444
716 33296052
718 33044168
720 32917952
718 32745440
720 33295116
719 32892632
721 33128558
721 32967940
721 32953948
719 32844716
717 32884772
719 33790616
721 33369592
719 33088472
721 33713380
723 33494368
725 33632544
723 33506848
725 33938560
727 34185568
729 33731696
727 33430042
729 33940292
727 33493496
729 33726452
731 33865076
733 33648324
735 33553384
737 33289930
739 33256574
741 33017764
743 33055172
741 32637852
739 32859420
741 33239368
739 33253436
741 33715584
739 33367880
739 33746432
741 34041368
739 33678176
737 33778264
739 34026624
737 33705380
739 34091412
737 33578784
739 33458742
741 33972352
739 33619392
741 34299660
739 33884156
741 34161900
739 33663580
741 34047860
743 34296080
745 34094824
747 33903832
749 33713816
751 33576304
749 33230612
749 33224472
751 33535792
753 32990912
751 32694824
751 32748712
753 32869628
751 32763316
753 33133126
755 33031208
757 33289284
759 33199002
761 33391384
763 33224968
765 33046788
765 32821948
763 33006454
759 33244668
761 33752084
763 33676888
765 33663280
767 33853872
767 33703832
769 33740596
771 33849672
773 33499188
771 33082874
773 33632896
775 33530748
777 33769600
779 33591464
779 33270330
781 33361476
779 33074924
781 33429352
783 33289944
785 33325796
787 33024142
785 32853816
787 33930852
789 33637028
787 33357628
787 33501810
789 33613732
787 33210108
789 33858632
791 33699952
793 33865368
795 33583220
797 33568044
797 33125104
799 33225840
797 32807020
799 33097888
801 33071896
801 32589402
799 32424746
797 32573888
799 33106988
801 33009490
799 32631948
797 32714804
797 33259628
799 33436862
801 33422496
801 33166532
803 33573808
805 33240156
803 32921612
801 33130600
801 33223116
801 33120180
803 33226604
801 32719884
799 32886716
801 33301512
803 33300706
805 32777016
803 32460260
801 32770648
803 33110844
805 32909708
805 32865314
807 33214964
805 32846504
803 32847560
805 33061966
807 32846352
809 32824968
811 32555610
813 32613152
815 32427814
817 32535108
817 32373072
815 32162328
813 32249828
815 32558912
813 32144010
811 32339388
811 32600380
813 32718970
815 32491324
813 32284240
815 32655986
815 32400496
817 32636318
819 32747904
817 32326136
815 32350122
817 32713530
819 32748436
817 32311132
817 32325028
819 32522940
821 32637064
823 32561816
825 32549452
827 32655848
829 32669784
829 32404958
827 32168642
829 32643224
831 32506612
833 32557480
835 32254204
834 32003096
836 32127478
838 32047896
840 32195892
842 32109088
844 32080366
842 31741300
844 32066604
846 32259954
848 31844236
850 32025032
852 31933720
854 31940948
856 32012412
854 31929208
852 32128210
854 31885796
856 31801564
858 31821340
856 31557248
854 31632148
856 31871102
858 31321212
856 30934346
854 30985680
856 31086348
858 30703740
860 30559940
862 30567868
860 30231968
860 30405616
860 30322940
862 30686588
864 30740834
866 30396612
868 30489192
866 30330730
866 30774824
868 30982648
866 30667340
864 30807786
866 31095152
864 30735024
862 30937152
864 31211928
862 30933792
860 30962286
858 30926924
858 31058148
856 30943728
858 31327934
860 31177596
858 30775312
860 31075276
862 30889248
864 30995980
866 31097652
868 31361392
870 31726812
872 31565850
874 31653494
870 31104340
872 31604206
870 31264054
872 31672796
870 31489524
868 31570830
870 31805544
868 31384784
870 31857236
872 31494710
872 31246212
874 31384352
872 31210192
874 31592908
876 31778958
874 31566884
876 31979536
878 31970994
880 31594572
878 31289168
880 31568364
878 31192368
880 31685384
878 31339180
876 31423532
878 31731984
876 31613524
878 31996506
880 32015580
878 31555510
880 32109204
882 32020154
884 31869618
886 31849080
884 31543672
886 32183742
886 32101854
888 32037752
890 31977888
892 32011678
890 31672482
888 31812506
886 32148368
888 32572434
890 32538958
892 32511250
894 32622952
896 32804746
898 32810976
900 32794796
902 32582998
904 32656526
902 32229872
902 32598444
900 32393044
898 32281936
900 32270170
902 32286880
904 32146164
902 31935680
904 32152932
906 32163082
908 32174372
910 32107724
912 32308668
910 32966308
912 33255534
914 33149832
916 33697576
916 33453696
918 33474110
920 33073080
916 32729170
918 33040062
920 32982992
922 33199950
920 32884372
918 32940082
916 33252740
914 33410274
914 33675640
916 33737552
918 33991144
920 33969448
922 33999128
920 33569892
922 33432628
924 33673648
926 33531060
926 33271028
926 33199708
926 33181076
926 33099208
926 33018124
928 33233128
930 33159182
932 33063160
934 33090320
936 33000400
934 32674080
936 32860500
938 32487892
936 32353952
938 32492128
940 32306136
942 32255584
942 31923084
944 31751388
944 31399280
946 31451832
948 31376042
950 31209128
948 31022156
950 31233676
952 31270480
953 31314228
951 31136560
953 31195334
954 31143748
952 31015804
954 31219730
956 31130246
958 31012736
960 30949538
958 30715126
960 30986268
958 30693444
956 30805632
954 30898398
954 31094368
956 31258132
954 31099016
956 31068128
958 31456080
960 31333224
962 31291024
964 31252484
966 31232288
968 31099952
967 31661274
969 31974956
967 31790030
969 32161400
971 31947556
969 31674578
971 32209610
973 32446280
975 32223184
977 32291040
975 32084674
973 32177536
971 32282688
973 31935980
975 32101876
977 31626452
975 31559512
977 31669868
979 31577104
977 31221188
979 31544072
975 31367516
973 31596552
973 31720850
975 31836284
977 31610608
971 31134892
973 31344948
975 31096940
977 31177024
979 30975744
981 30935298
983 30608934
984 31209486
981 30684568
979 30982662
981 31414140
983 31222660
985 31107636
987 30958634
989 30867996
991 30889456
991 30674452
991 30567980
989 30427196
987 30551536
985 30529772
983 30646048
985 31091016
983 30867050
985 31014756
987 31061688
989 30958200
989 30637960
991 30893484
987 30395364
989 30786480
991 30665940
993 30578164
993 30571972
995 30593348
997 30596068
999 30558908
998 30336822
1000 30555898
