4 1577764992
6 929794688
8 916832128
10 525473984
12 523090976
14 409508128
16 372214400
18 357839424
20 358140992
22 338096160
24 337305184
26 347111744
28 311663872
30 299091776
32 267859648
31 205104096
30 201826080
29 198271632
31 170776800
32 149569888
34 140761648
36 126592448
38 121187984
40 118578792
39 106613840
41 111737104
43 109504568
45 105118456
47 106097024
49 101560952
51 98116968
53 129685664
55 93353416
57 94682520
59 90619752
61 89052568
63 87378592
65 84284896
67 83261968
69 81843728
71 81090312
73 77928792
75 77473896
77 75671456
79 74682952
81 75459984
83 75882024
85 75072752
87 72226328
89 72045160
91 71801464
93 72441368
95 72232464
97 70906264
99 68803568
101 68633184
103 68014352
105 68646560
107 67781256
109 68323328
111 67564704
113 66802812
115 66746208
117 65345656
119 64481064
121 63472948
123 62235012
125 64376404
127 66162892
129 64093020
131 61197472
133 60448592
135 60221676
137 60976736
139 60881624
141 60418884
143 60300188
145 59435104
147 58466424
149 58367660
151 58117480
153 57782480
155 57066256
157 57738624
159 58573100
161 57223232
163 56275840
165 55420640
167 54745060
169 54389768
171 55126052
173 54779784
175 54036408
177 53927288
179 53822452
181 53836680
183 53397532
185 52954240
187 52763704
189 52003624
191 51930336
193 51763912
195 51722044
197 51117772
199 50697316
201 50971000
203 50759912
205 51781648
207 50936528
209 50532416
211 50563232
213 50303384
215 50178896
217 50115944
219 49417728
221 48559812
223 48320040
225 48231596
227 47688356
229 48121188
231 47594108
233 46925576
235 46996888
237 46690884
239 46994308
241 47173788
243 46185176
245 45686360
244 45695476
246 46572008
248 45880148
247 44761272
249 45714312
251 47032764
253 47188704
255 45608888
257 45007752
259 49763980
261 44399500
263 44282268
265 44118400
267 44366256
269 43629732
271 43429004
273 43242380
275 43325108
277 43350780
279 43524300
281 43347480
283 44225020
285 43785816
287 43485380
289 43277728
291 44026828
293 44079164
295 44030628
297 43762444
299 43648008
301 43537756
303 43693484
305 44116440
307 43709728
309 43992040
311 43034736
313 42959048
315 42685412
317 42879448
319 42640584
321 42531708
323 42601960
325 42841128
327 42852816
329 42472984
331 42180572
333 41860316
335 41593096
337 40911280
339 40845384
341 40679616
343 40649036
345 40578576
347 41115312
349 40713028
351 40483572
353 40288916
355 40164440
357 40237636
359 40390704
361 40259032
363 41213552
365 40323804
367 40130908
369 39925172
371 39755648
373 39801216
375 39754492
377 39747432
379 39765440
381 39832024
383 39803008
385 39753356
387 39809992
389 39790672
391 39489060
393 39327728
395 40145784
397 40190544
399 39632384
401 39224312
403 39190456
405 39182872
407 39172552
409 38907856
411 38801296
413 38851596
415 38691248
417 39011600
419 39516200
421 38578336
423 38782996
425 38705688
427 38610060
429 38496516
431 38466480
433 38477568
435 38310896
437 38251904
439 38090836
441 38815520
443 38230828
445 38633936
447 38182696
449 38056024
450 38003720
452 38665336
454 38286988
456 38051096
458 38296284
460 38173024
462 38077076
464 37893656
466 37635972
468 37549048
470 37177224
472 37219984
474 37021240
476 36923752
478 36754096
480 36627280
482 37083568
484 36626444
482 36083360
484 36372108
486 36332528
488 36200436
490 36374368
492 35826916
494 35787128
496 35934868
498 35752348
500 35778840
502 35274832
504 35112696
506 35057204
508 34976812
510 34819104
512 34781856
514 34765692
516 34866272
518 35266368
520 35137004
522 35239236
524 35037320
526 35038204
528 35181648
530 35152960
532 35195744
534 35089656
536 35041092
538 34939744
540 34883644
542 34808392
544 35662616
546 35215880
548 35115732
550 34696436
552 34901184
554 34932460
556 34915008
558 35027288
560 35477456
562 34773172
564 34644888
566 34564756
568 34482212
570 34475724
572 34448560
574 34323088
576 34299292
578 34185792
580 34046068
582 33683688
584 33797784
586 33660908
588 33674600
590 33637616
592 33539352
594 33534616
596 33453288
598 33442092
600 33384574
602 33374084
604 33642612
606 33669220
608 33596824
607 33257922
609 33497318
611 33429818
613 33357820
615 33266080
617 33135840
619 32922510
621 32905254
623 32776972
625 32654854
627 32555120
629 32575882
631 32464650
633 32569010
635 32397716
637 32430572
639 32231594
641 32205764
643 32182414
645 32158368
647 32367448
649 32133128
651 32066204
653 32107084
655 32022096
657 31855308
659 31815816
661 31632900
663 31857604
665 31838300
667 31636760
669 31417070
671 31360212
673 31346752
675 31132784
677 31081972
679 30993652
681 30918908
683 30807462
685 30667488
687 30853136
689 30799736
691 30671312
693 30610408
695 30517544
697 30515136
699 30802052
701 30541876
703 30545440
701 30350704
703 30545668
705 30512586
707 30565392
709 30480232
711 30406512
713 30296196
715 30457524
717 30455744
719 30333400
721 30245168
723 30191592
725 30010228
727 30076664
729 30176242
731 30012910
733 29975250
735 29992904
737 29983174
739 29815656
741 29745096
743 29859810
745 29643628
747 29667288
749 29547732
751 29525284
749 29255316
751 29605828
753 29600408
755 29513068
757 29518916
759 29488740
761 29375604
763 29258104
765 29244140
767 29267736
769 29275680
771 29220856
773 29212956
775 29070930
777 29120540
779 29097568
781 29389612
783 29147072
785 29116240
787 29088732
789 29010480
791 28947524
793 29011720
792 28776836
794 29052726
796 28948192
798 28953872
800 28929276
802 28780204
804 28876422
806 28775674
808 28941664
810 28784602
812 28632554
814 28517230
816 28936136
818 28563940
820 28526498
822 28562530
824 28411636
826 28665520
828 28413424
830 28335608
832 28363612
834 28579924
836 28366494
838 28265290
840 28204200
842 28123166
844 28080754
846 28036330
848 28093646
850 28059252
852 28130396
854 27910508
856 27907436
858 27885384
858 27949268
860 27993288
862 27855472
864 27832700
866 27872404
868 27826420
870 27811932
872 27772148
874 27799172
876 27830796
876 27751300
878 27780972
880 27779204
882 27882404
884 27838508
886 27856404
888 27739316
890 27651128
892 27620266
894 27697608
894 27558840
896 27547332
898 27590596
900 27468180
902 27490016
904 27487244
906 27536370
908 27515212
910 27663448
912 27610118
914 27795422
916 27775138
918 27803754
920 27798450
922 27679026
924 27644646
926 27780052
928 28003024
928 27774708
930 27670604
932 27620592
934 27634164
936 27702654
938 27609638
940 27648506
942 27481652
944 27419544
946 27345192
948 27240512
950 27189524
952 27120308
954 27070168
956 27097188
956 26883860
958 26873744
960 26914144
962 26881252
964 26816492
966 26878608
968 26877108
970 26862916
972 26887378
974 26888328
976 26869826
978 26891514
980 26854464
982 26802128
984 26787508
986 26747526
988 26712340
990 26740624
992 26682044
994 26700116
996 26655180
994 26572616
996 26606300
998 26519136
1000 26689032
