4 1538369792
6 964185280
8 803203392
10 497280544
12 498505056
14 431755264
16 397431392
18 350390016
20 345871232
22 343299392
24 340811264
26 337603104
28 334654848
30 327551776
32 327078464
34 317438112
36 306058176
38 284582112
37 241129440
36 240786864
38 270934528
40 274136448
42 270025568
44 230293952
46 196304976
48 195568608
50 182146912
52 162885136
54 164313152
53 150782800
55 161426960
57 159919616
59 150966240
61 123778296
63 121949152
65 113187400
67 112585184
69 109018696
71 107983944
73 102912712
75 99742640
77 97462408
79 95790640
81 92959216
83 91302608
85 90772896
87 88057816
89 87860544
91 85820344
93 83359376
95 81453120
97 81612808
99 80335136
101 80711296
103 78608384
105 78211344
107 77319720
109 77439248
111 75776496
113 75624416
115 73051296
117 74665168
119 72319568
121 72246672
123 71479576
125 71280688
127 69711152
129 68069976
131 66890416
133 66461144
135 64726968
137 64883600
139 63605168
141 63583996
143 62521336
145 62891136
147 60929520
149 60714972
151 59271188
153 59132260
155 58069100
157 58117240
159 56255100
161 56342492
163 55365580
165 55886128
167 55079528
169 55652696
171 54805004
173 55172784
174 54409568
176 54755584
178 53458332
180 52862732
182 52196364
184 52588792
186 51692372
188 51592736
190 50928680
192 50796432
194 49825688
196 50182528
198 49241816
200 48985904
202 48588288
204 48472096
206 48068248
208 48031096
210 47786532
212 47709184
214 47229648
216 47240808
218 47077464
220 46887804
222 46792540
224 46552160
226 46836736
228 46569668
230 46330800
232 45810796
234 45604112
236 45439136
238 45107568
240 44938108
242 44620776
244 44409156
246 43958584
248 44144180
250 43209312
252 42863860
254 42714052
256 42618320
258 41902056
260 41677064
262 41564844
264 41274796
266 41110952
268 40544168
270 39944960
272 39858536
274 40099060
276 39774820
278 39681448
280 39521416
282 39364600
284 39238648
286 39083152
288 39160468
290 39045572
292 39995060
294 39280724
296 39049336
298 38894608
300 38881608
302 38767728
304 38696304
306 38566868
308 38256804
310 38046656
312 37886048
314 37656208
316 37491832
318 37842264
320 37331592
322 37248720
324 37095376
326 37053628
328 36962176
330 36814208
332 36821628
334 36509296
336 36289584
338 36266844
340 36095920
342 35977140
344 35895036
346 35706144
348 35632948
350 35429976
352 35279944
354 35172584
356 34975232
358 34938544
360 34888160
362 34730352
364 34645672
366 34595624
368 34510184
370 34436856
372 34245704
374 34070400
376 33784348
378 33542002
380 33373282
382 33277508
384 33123068
386 33043326
388 32907340
390 32860264
392 32751852
394 32625812
396 32532814
398 32334908
400 32411832
402 32345752
404 32212228
406 31851328
408 31796238
410 31733200
412 31678700
414 31897158
416 31732560
418 31552452
420 31480172
422 31380128
424 31407684
426 31378806
428 31292452
430 31164192
432 31113212
434 30978042
436 30910200
438 30849478
440 30805972
442 30750952
444 30681184
446 30598614
448 30557952
450 30476688
452 30443916
454 30438486
456 30430318
458 30377066
460 30327074
462 30278354
464 30302564
466 30249272
468 30209988
470 30178116
472 30128744
474 30060952
476 29936752
478 29931952
480 29884596
482 29836420
484 29701904
486 29631788
488 29568640
490 29562064
492 29551148
494 29387864
496 29327020
498 29248892
500 29200004
502 29309914
504 29181986
506 29110192
508 28945372
510 28871656
512 28672284
514 28540396
516 28484280
518 28363638
520 28276558
522 28118846
524 28061538
526 27949150
528 27893952
530 27758932
532 27696380
534 27609118
536 27624532
538 27569176
540 27524164
542 27437802
544 27358716
546 27507942
548 27273048
550 27214628
552 27139388
552 27041464
554 27256490
556 27115220
556 26932980
558 26828732
560 26790584
562 26751734
564 26782656
566 26769160
568 26662260
570 26789818
572 26643708
574 27477574
576 27396280
578 27313104
580 27167760
582 27064860
584 26999728
586 26921488
588 26823956
590 26762964
592 26735736
594 26590728
596 26529228
598 26508716
600 26452892
602 26380656
604 26333732
606 26348462
608 26210864
610 26105646
612 26099112
614 26060182
616 26027660
618 25842414
620 25816568
622 25695020
624 25646160
626 25586880
628 25543920
630 25480548
632 25382714
634 25321580
636 25321372
638 25266890
640 25278936
642 25141274
644 25093984
646 25063196
648 25004598
650 25010638
652 25154512
654 25145362
656 25102016
658 25029248
660 24858550
662 24837190
664 24787228
666 24785838
668 24713516
670 24617892
672 24643124
674 24497892
676 24848000
678 24477792
678 24336668
680 24360244
682 24340352
684 24341960
686 24336534
688 24268392
690 24274656
692 24236958
694 24248256
696 24205548
698 24226736
700 24126952
702 24101096
704 24038408
706 24036896
706 23927152
708 24004288
710 23914840
712 23976768
714 23937036
714 23815252
716 23902062
716 23760272
718 23839824
720 23847536
722 23674548
724 23682388
726 23676436
728 23655156
730 23578952
732 23546212
734 23505120
736 23583178
738 23562256
740 23516008
742 23524770
744 23503294
746 23482864
748 23449120
750 23433908
752 23425140
752 23318998
754 23452196
754 23329652
756 23309918
758 23261462
760 23216978
762 23179846
764 23166760
766 23083716
768 23021872
770 23020900
772 23003940
774 22971632
776 22910770
778 22944108
780 22899908
782 22828704
784 22813396
786 22697144
788 22592368
790 22563368
792 22545224
794 22522352
796 22472716
798 22454620
800 22396034
802 22366172
804 22353490
806 22291640
808 22297888
810 22296590
812 22274828
814 22265196
816 22247404
818 22209680
820 22176240
822 22108918
824 22085932
826 22104476
828 22094380
830 22030324
832 22034428
834 22007160
836 21950652
838 21893576
840 21902592
842 21814024
844 21778168
846 21788000
848 21734500
850 21755764
852 21652824
854 21725238
856 21653472
858 21697158
860 21644800
862 21696330
864 21638954
866 21692026
868 21611434
870 21631448
872 21478328
874 21502280
876 21444656
878 21478080
880 21328116
882 21360852
884 21300832
886 21328664
888 21249896
890 21269156
892 21198308
894 21228260
896 21162880
898 21212872
900 21140460
902 21194026
904 21116140
906 21185460
908 21089664
910 21115452
912 21049784
914 21044986
916 20993596
918 21004152
920 20907812
922 20942320
924 20892480
926 20932004
928 20856184
930 20863804
932 20715876
934 20734044
936 20664860
938 20700660
940 20638992
942 20652738
944 20512320
946 20554614
948 20469340
950 20553356
952 20434488
954 20502704
956 20397696
958 20471188
960 20385174
962 20429160
964 20296850
966 20357894
968 20220946
970 20247110
972 20165264
972 20128794
972 20176338
974 20208992
976 20116774
978 20138764
980 20021468
982 20034468
982 19927842
982 20001628
984 20004728
986 20036700
988 19951684
988 19893572
990 19943892
990 19840664
992 19882676
994 19887552
996 19818904
998 19845824
1000 19782038
