TENERGY
23923
276654
32968
7459
152300
27394
143240
2599
6120
6172
43499
92725
219273
3082
55454
40773
24264
241907
0
11756
49427
9440
91664
47452
9025
33096
10034
23199
106286
33621
1943
52754
13849
31162
6436
114856
146532
49875
9530
255726
35105
30185
8672
25036
1619
12905
54673
43818
39509
30885
23908
72925
18335
21939
79002
38977
23179
66779
298129
4959
6468
33657
26293
20831
16390
40570
20961
2265
52015
14374
9951
74599
147098
43557
4508
17068
24304
28643
1336085
55423
45958
8812
28852
24401
115130
268160
9987
174
1256
15655
90714
17172
33774
18604
41996
13322
43118
20805
37098
15101
13227
9030
11066
7354
34372
1268617
417793
17655
44851
101194
19829
50391
31765
27958
18974
26853
20002
2654
15177
36227
7972
9295
52777
16334
49458
31741
5791
29372
31021
38929
15284
1144107
1126897
0
58006
46326
26249
2353999
79470
26810
0
13032
7925
38414
28546
19468
21805
32683
19914
86469
7172
241285
14580
13575
14315
13114
7157
29794
146035
27687
30701
21555
34551
291
14121
29988
7335
7217
15776
22882
49446
31872
4356
20562
13019
9201
20311
45355
11645
31073
39982
145390
27263
6533
81872
7873
17879
9071
19038
30884
23097
44333
41634
52196
25067
0
11817
25309
1190
53774
13569
3801
18945
87839
0
57218
8357
64951
3570
12575
34377
9194
127451
29447
50579
13091
38465
5643
22379
5869
27830
18820
20683
3430
23091
7796
130910
91799
171556
164958
6233
10737
150087
820
22134
31075
51482
5461
18949
19287
30497
21658
51025
45912
36517
14697
36426
10430
248444
26985
10711
29726
16450
1987
33145
4219
0
0
23448
0
21679
21756
17391
38535
31203
18652
34118
18823
14260
6703
40793
11436
23001
9685
7862
11948
4767
45505
67607
4927
159
923309
54507
4434
34498
5290
5181
36885
8658
18458
15799
14969
29364
59828
122093
128843
13169
27362
31348
9624
0
133986
9111
22823
0
11541
61657
8620
66412
210520
7663
10248
39939
19124
11054
44863
34283
12289
7287
2830
29692
40163
85756
17102
58204
0
0
6183
11852
7841
43794
17823
14300
49975
273765
40325
78146
23560
3621
2471
64214
10513
19003
62029
19825
37383
21692
19265
29054
143536
20086
14971
92
8157
10412
5340
41583
3423
12689
62691
85826
159490
215399
10970
28412
40083
15434
8006
68534
4360
33613
39502
0
0
9388
0
7561
44319
24944
10409
30445
13344
45651
13224
8557
0
21168
177028
41052
4181
13739
36760
12347
59973
12960
13821
22355
32588
11168
11657
34230
159782
3887
15461
31165
24702
16995
29125
0
3203
25329
16607
28083
25182
2585
24838
122864
19374
52341
16215
12695
7095
23194
22436
6610
1761
79371
24955
21686
106520
193
23873
21613
16627
19820
34297
40506
7336
4714
28080
28607
1473
5121
19662
0
0
30592
1167
39311
21921
11523
17009
9656
48994
24892
12069
28286
41687
17767
42067
41139
41026
36973
1439180
113337
198549
122527
333912
13338
14386
4696
3599
66038
33288
14869
13590
38574
40289
23001
18478
54961
34473
62048
42143
13884
14874
20297
18345
11457
20557
12282
29633
13348
32555
16076
50253
3943
40564
24765
17192
11111
28476
44052
33579
31642
42093
14012
6150
21091
585
108365
49761
49169
1648
29060
63086
14005
19342
18552
19898
21670
20531
10899
66214
18088
18512
58638
20283
27702
39102
16782
21451
24709
1210574
35414
10518
96026
105534
35781
15048
38272
17675
24360
9806
17341
13545
124
52231
182394
103616
14356
17690
17746
8647
21736
57900
25324
9223
15134
38363
12076
23868
33413
6710
44325
21062
35727
25613
33678
6974
3416076
952280
35690
161278
152455
63182
108236
69782
4891
141511
167927
1581
41991
235642
3295
25810
52976
42234
28885
22998
7299
80355
22186
40739
652
61735
25924
10847
23132
53318
16423
16881
24222
35866
23785
13381
109510
20146
129186
25759
2543
84777
967726
40713
25711
19505
35060
92330
0
9621
23007
920616
16278
4910
0
11585
39945
18175
3514
148320
16770
47550
11134
10725
269
2811
124758
127865
8608
0
30811
7771
15715
50110
7692
5217
6302
40383
28612
22435
8873
78742
29756
9313
147836
16415
9732
37782
6731
10888
23454
31036
11340
20429
37861
33873
55846
3647
32043
3299
20030
52254
46043
21862
34922
389
34083
22224
15793
6080
81574
175590
58720
32178
57525
64834
8154
9857
3687
27311
59427
31650
10635
31183
31905
23148
72221
1225
0
0
12465
36535
14142
4975
16748
13330
22817
39801
22937
39657
46830
29934
24157
11836
51304
67530
34016
49540
125248
132062
13297
32496
21293
44323
16909
11222
457
24751
24493
17660
19051
20093
135663
30748
24875
21734
23618
18844
34926
42969
51918
41834
10118
5835
178468
37019
25423
6822
78364
10
26097
21393
35314
26949
6746
29834
23891
60465
34806
109715
13231
90485
95092
24281
15453
8094
26108
94571
24641
1681
3954
98869
27260
14562
21511
12867
22053
17154
13933
2436
13940
16158
24388
64352
0
8092
10130
281
30360
30513
0
98517
5771
12136
46132
172966
221711
8812201
2113106
1969688
12060
567503
28561
10898
21607
9664
21436
10792
38327
1909
19693
39730
9928
83621
33814
20706
148138
12961
40612
114033
96754
219785
22273
30475
45321
19290
26428
11380
26664
3462
24413
38508
22341
22868
23579
8567
10096
17523
47454
22904
29275
74791
44039
10739
11706
6696
14450
34155
333
3734
10865
185961
2400747
11107
25445
14500
44762
25683
9905
29294
13766
11169
36962
18585
143928
83086
68711
37084
10178
32992
27206
22497
23875
13120
6675
11267
15156
22547
71573
622970
35539
22557
160736
802172
51206
15571
23792
25296
17498
10925
44900
98264
0
20277
39949
44180
2464
10505
29741
23059
10222
10503
4227
8537
12025
58938
88605
28032
24809
9008
21639
5005
61525
30953
19680
35157
44208
45348
44532
20409
47167
37344
70361
71127
2914
5859
18064
42527
16513
24892
11726
15215
8001
3303
6017
10333
9693
10938
0
0
0
35449
0
71339
0
10385
9505
34748
24350
46127
43456
12738
6186
13380
17434
1871
20016
22037
8584
17324
35650
20990
45100
2952
0
31735
10075
45816
24751
18518
37061
13069
16748
15950
27732
29957
27476
53876
189841
65889
28694
18616
43809
28461
20590
39901
17432
29704
65040
88187
99028
12087
8487
4962
7155
198135
48176
15412
6267
31742
68584
5774
15192
671
14268
0
0
25357
18690
3292
4595
10102
19322
45408
26905
0
0
9687
4855
29674
24411
36988
25511
8136
18515
17526
0
15284
5816
21032
26665
31889
30789
44094
42032
49585
51590
34046
40666
8092
25857
16532
54031
17100
10510
48272
13634
21682
21967
10574
797
57334
89193
11427
16403
5299
6112
13020
16759
107200
136
13399
18645
46843
25325
31918
15258
27412
37552
25217
10335
35315
53774
1272
4991
59248
20803
29206
25593
28354
7256
40730
12211
34211
10838
27398
40166
199913
443129
0
1828
37081
42246
19971
11379
9640
23110
21978
35473
8609
0
60997
22402
32034
3374
44766
15098
14128
12709
31125
181200
17573
20729
13562
26848
43223
30244
32954
8558
22045
131867
33695
28382
6317
9124
14628
52008
19551
37353
36712
28279
25177
37618
161179
236935
7340
54712
28092
15233
148559
70460
16824
16341
242591
116516
14540
46070
30135
24180
27358
9807
22145
22151
40297
162542
13988
19992
12212
16774
7089
50220
17956
19253
2151
797
11560
19046
16143
30726
7277
12401
44109
9544
16288
21055
109920
101070
0
0
16330
38985
34403
8398
17983
5678
13240
362659
16484
24325
4023
25310
16409
9776
532473
200793
27275
13052
2181
6936
25046
24450
29933
50531
46393
33255
23631
23531
16870
30558
0
13267
54778
52182
17230
2128
3981
4507
53164
11588
9813
69623
68836
30550
21751
15615
42879
30062
23809
33505
19355
29334
25665
29252
29599
22183
2773
4411
7632
47686
62929
5569
16780
15073
3890
36414
51902
39733
7257
20394
8076
8539
21480
0
13651
37417
22322
2532
129079
105074
131961
73591
17853
22593
85777
94152
26167
14455
10034
19962
86087
59503
9416
23100
7933
15499
44450
53586
112222
16892
10540
21416
49672
31544
53481
33272
30361
917
24894
25568
20760
21248
17619
20879
111208
126024
33632
32633
2274
33066
22327
19142
22321
20376
19324
38418
3059
47115
20329
21532
10548
20859
101736
111155
21300
50356
19726
7265
750
565
73809
60847
17029
17726
15459
78233
88004
66973
139118
90731
11173
20630
7811
15488
15414
24543
6908
14576
78229
15931
20309
21464
19079
50636
34939
21288
18311
75145
30681
23737
25618
13517
21776
7342
28957
31093
18689
44968
23709
30587
13555
28319
9659
0
18812
21343
191296
258406
34349
23456
33459
36606
0
23240
12131
59541
46958
24222
19488
1276
31025
1312
1592
27852
158027
20105
24380
851264
1695096
44730
16514
93476
27804
43558
64072
38753
29415
42032
2750
4585
206903
2908
11001
12228
23645
42197
0
18838
40887
40886
19724
35252
39308
33379
25672
30491
26394
815096
14608
25753
28540
29673
15996
17951
36638
17458
18576
26864
37926
53677
32767
55818
126535
29910
9700
7255
4697
18104
29641
29067
25734
18736
21699
12501
30965
92537
12599
3402
31150
501
21933
18109
9371
14976
9160
0
3940
0
0
491038
22206
10010
8040
108169
97349
29842
50546
13064
8968
47993
27054
21324
31418
43836
29429
19116
20654
19746
18322
173489
52689
65712
47784
63219
69049
383838
53205
18456
17439
12931
15566
11811
29178
5573
821
32946
66084
34220
37785
19914
8228
17479
43598
100330
165803
21546
63996
9379
9369
2711
10770
17183
7022
15037
30960
15259
0
6799
13008
22581
4689
24847
38158
29851
19111
2352
4624
20990
27182
9745
62087
14742
30512
36827
27183
20529
23651
20139
0
108531
7561
65737
278398
37998
8992
11557
10155
9517
7873
11478
39465
24875
29755
27072
16491
72265
310478
16081
29446
11619
10755
36252
29301
71253
285926
77917
65840
1011
47252
37160
11354
28798
26987
5672
1858
0
0
5004
0
30933
23625
51320
84222
20669
7254
29501
43989
6262
9215
5614
7338
28998
57808
127777
35335
20505
25917
33702
24239
9321
17665
49285
43788
141586
9386
33718
2458
629
1098
53572
12207
19127
39022
17602
7533
11624
21140
25607
18790
131317
237623
29092
36424
22698
20766
10888
79240
144744
31015
0
0
39324
53597
15427
39302
0
0
48678
90568
28955
18704
19677
14583
365
2775
15085
24937
27697
24661
20597
36366
18224
0
20432
20661
42880
52768
23007
12228
16212
28973
14873
84575
40411
136341
121285
117880
18659
10258
8578
11676
3379
14644
25653
2310
13043
13910
23370
19917
56205
25420
10837
17617
14443
22957
9033
32511
62580
24969
680
30180
12937
49554
278781
245230
27546
10022
27795
22469
3382
33767
24024
27939
1752
8766
21309
205227
9927
25787
3474
24388
11906
176012
43991
2616
12543
42893
13324
33645
24773
22402
64081
78692
17809
32335
4430
5153
9136
10280
16479
6102
15306
5507
31133
7961
8300
13150
5924
7068
68989
93561
54930
52156
31385
18474
26286
16579
38054
35474
19662
14059
36622
23513
177569
36588
15880
17905
25613
17195
34094
25522
19272
20861
12799
17031
5572
73395
20888
29362
8457
39886
48383
27084
23063
22860
21179
174093
20308
31254
11587
83759
18653
14921
39806
34113
14917
11350
23665
48471
10788
3351057
9138
12617
37390
37079
74555
38191
23251
22982
3810
8773
35902
47810
49181
139834
25173
4824785
11036
18981
66623
130941
325549
153768
52948
10208
4832
38370
18124
9394
21150
26972
1956
6768
24185
13910
14920
11386
3424
3789
5435
8070
13238
10325
13998
10845
9694
23656
10112
8456
84294
46050
42813
40412
168121
9668
21352
14603
58028
96216
18475
12297
33131
12102
50580
21416
22666
13402
31372
0
23296
30117
20838
6124
9007
7465
17309
11585
8570
5382
8533
26093
332347
12481
17735
12336
6479
19089
25961
14309
33400
22118
5178
21237
19584
43593
46892
20948
40724
11987
22317
15953
14688
121899
45705
28026
58376
2772
16551
44908
15308
0
0
39763
66600
12288
17657
38371
13768
4254
10216
16229
27418
33576
51470
37432
7924
13466
32479
4669
18899
24835
15495
15305
11666
21773
29546
7625
10394
5473
14415
19289
20480
26336
13423
20873
9672
1151
7881
5907
40115
28244
24530
4776
9696
9162
6497
0
0
6105
10971
1505
47944
47052
35642
19582
24150
13557
11688
35558
52641
20815
6312
8861
43051
7011
39813
11867
20414
14995
12387
4322
712401
20112
29823
14964
12001
11325
10051
51237
12721
152183
848702
1029
48395
67862
22323
31033
24982
43996
3642
33968
27921
10343
5370
105617
5180
1347
19034
34761
25906
14620
15891
PENERGY
44125934
24167074
841788
38870830
9485904
3590562
47952
451042
9047610
4645712
97176
52158380
14151142
36568279
222772
144950
768776
560796
140646
16255545
876232
257032
278728
773150
268544
98278
319880
1808972
243578
962086
903994
7501510
669366
1078736
154720
966112
257288
347304
220080
13822
383542
158688
1693486
1547936
622874
1135556
170088
159222
46784
174542
389548
191658
1110890
1196232
462842
399332
298342
80206
216328
1135830
6317664
6878064
37744
1066614
90146
74782
2237882
34821
507124
228738
108360
493500
191920
94824
212060
2658707
8589274
1339194
213802
388908
859718
95936
677194
733572
467152
23281188
18421130
519358
144962
308782
48510
120374
1195010
397912
2447226
934324
236990
5317932
144698
199920
89490
523414
164264
110132
1809222
777730
844916
424358
827114
533466
226734
870150
235630
594968
2428163
13891020
223704
1309594
13586
220028
105956
965170
61542
756692
364592
110542
350752
813174
437078
733716
678596
549914
179456
391040
217190
368774
478356
56036
34330
185998
4436356
163734
668798
120468
119038
58800
242336
178224
132736
25860
753118
980502
61906
96388
318600
274866
13170178
359738
1179658
6265216
254114
3644
188082
259360
262854
431714
3770028
549798
346038
535556
82552
216758
188158
109812
68918
141356
2122222
98070
251732
24528
624620
285990
1082026
367900
254216
180828
214680
234636
93758
54350
433694
593432
1437856
368362
38942
657040
27610
58226
685454
979654
351388
499290
54342
107258
243106
227058
346190
148158
100636
104950
12419754
425068
127220
127410
1128562
582184
268426
390972
330264
555250
376748
748526
209046
71744
591688
29850
111096
579078
70612
1063998
1445810
103202
230937
198366
120590
197866
201632
128828
290732
287242
233464
395730
231848
386822
385420
422946
125918
168668
357828
184146
226066
1475434
1865660
724360
234614
937608
1072580
1127100
390914
91136
152336
47612
601814
120956
202504
162734
10981996
52878
167182
81568
105720
173228
1198552
379048
3270994
371908
331378
976994
49050
190620
764140
646006
149316
470560
181038
343046
357964
2898506
911622
576248
455116
150630
24970
134640
860166
266298
708038
855616
3274602
10565996
198620
101036
10830278
42442
3981740
908296
690488
473528
103802
385810
332548
189976
178952
213072
307948
2623656
183618
355680
1131372
242422
83898
313886
52780
446908
33192
152644
343378
68952
271336
10877824
97342
271894
1086164
971270
375352
483200
1570306
148124
429592
468718
516300
527638
575726
1864700
639332
130038
212596
607864
274522
294352
559614
7956446
220102
4805224
207330
1141754
489424
289398
156428
101720
108374
289922
225462
617368
1157602
772850
1023602
858598
561760
129982
2372750
262828
42792
114510
398160
501654
434512
128856
236660
203368
117494
674526
652494
94828
260726
171914
106816
221020
100158
3327758
1452114
1045602
1864054
238748
1551756
428880
80492
791706
249522
339408
221288
516325
58306
2435522
621795
602726
224020
186328
280446
3368412
680892
682238
2645856
767860
77260
35488
114582
425908
2974840
190106
278316
198306
696452
64132
255812
203382
814316
634432
192580
423542
1010746
352068
137256
198406
151264
30396
308010
502752
306836
96966
635820
127536
85914
1766528
1148906
376308
427044
267102
1564206
676886
249892
383018
631920
174972
466794
468472
176886
830911
2752358
106806
327936
118226
260476
237782
6524090
656854
176436
704052
354396
521410
1422746
801400
340944
223708
845630
713202
142866
109840
301784
422098
371828
215766
952870
109538
1817526
1895820
264924
83966
1074352
446350
774008
922158
895452
61968
3442524
803380
173810
853414
159950
1045986
224434
286506
936122
714618
150276
1758720
4746062
48858
286882
1018468
327158
1468428
57600
1422582
90
496458
220730
96034
340274
0
353992
805696
83118
218938
49144
290928
479050
559748
1329442
1082686
1317752
660830
2608972
323358
380692
84442
1296634
440986
423390
388158
235962
225534
159136
225476
458966
173686
796798
1179552
56118
78958
879736
148780
1021288
716578
580884
2194714
493278
1357936
831036
127072
264406
349286
100786
328620
201642
551420
6460802
704206
503044
922472
770478
614522
233928
203372
177318
549442
240134
208346
692840
730330
1187010
11278076
130924
1006284
1066188
416252
776164
183750
223778
1176884
570028
178040
279230
99386
678870
1343476
81908
464988
674776
30166190
439150
531340
462500
166712
2466456
571778
247322
1745912
257242
668912
112128
187548
2045682
1218684
1217624
553168
124906
138000
308860
161206
127544
140422
176446
182762
332994
379452
773242
540326
1027704
36922
24108
18248
132468
1204990
257380
193488
451272
84850
906338
100736
416902
10817282
240340
12846522
1290440
509836
2386386
872172
117162
231782
336662
311234
701008
330568
94372
364748
130314
259264
4836648
578028
355392
623594
836598
882072
453726
754724
1668718
29738922
352074
395198
139384
6563256
266070
262932
743850
9846208
491134
447072
109830
139212
229416
1299636
1455944
673188
327760
537450
419096
295450
420516
786810
649252
612118
682202
835898
7405940
451512
708994
243549
4079580
2239452
132102
547552
198728
109102
457324
488466
975658
852656
343590
267832
33266
117702
95884
417518
69164
282870
4892142
1035598
757486
610114
149120
298722
1478696
405510
210482
413052
445218
6444564
586304
122294
473792
830228
1335460
1040698
3720216
127808
175300
423796
224744
125254
489446
284446
215992
366680
82950
111548
857850
1344184
1224298
98510
1059426
661174
684390
921678
402010
498246
116786
579828
1607994
720202
342774
810216
746660
388180
1763178
109912
216278
640004
1027004
90684
973558
346830
456522
551704
86924
778830
148386
120086
1001142
721322
92818
291434
157656
195480
180842
379076
303202
311500
975744
13342230
846570
165786
899812
8369102
207558
176748
791904
207664
167376
47408
683842
939572
3095464
693080
115994
128020
144562
558192
436754
582902
160790
108882
4372226
315392
83702
85624
196270
321580
137244
641560
733468
8200820
1249658
628024
1228702
1346308
112230
963390
448764
169654
211042
546600
648776
636806
359128
2658968
920520
122664
789384
780820
466348
361842
99728
252314
581314
310798
141742
94020
175508
570382
472898
729496
116012
795446
166154
852182
92530
372488
590932
866834
598916
798342
1079406
133052
146044
336256
329974
230114
539954
308720
906218
504506
4613264
765800
275356
466226
764338
189978
422316
379306
142858
7074060
7650426
666548
737346
342966
739874
622884
9965868
462488
805782
814550
586012
516276
403517
150286
25756975
450704
799304
4678652
538950
2987126
379062
869850
151436
199846
2136252
237670
131530
468928
435750
154428
268552
401206
3491526
427496
2081950
6921202
216218
92594
509694
964314
373248
438062
369596
106058
200760
232448
345500
308168
155606
248834
1342818
11349892
522388
5241162
9019816
983360
514380
834554
877788
100604
991490
414862
314056
162356
208150
444584
335448
300854
1194728
385592
379490
506668
798884
200228
203580
259258
1359002
2496228
331186
113670
104730
73482
273812
268356
351536
895346
2758512
262180
712866
116474
581094
233610
158800
158210
217766
738398
808464
1098122
394436
2267870
223472
193170
275466
249692
215070
2433164
709132
1194984
461932
2691352
330440
199144
1391582
346478
263972
1937752
4082918
420392
217442
121806
389040
169096
1789820
995170
2557940
1157108
152878
10634970
765602
822310
499640
CN
320
4377
211
80
2750
24
2830
28
46
239
517
1179
4298
30
532
395
35
1666
0
626
486
15
1602
36
341
196
25
339
287
20
71
397
213
101
33
26
4414
8
96
4394
89
90
32
29
31
61
129
131
54
250
279
3194
112
47
86
74
138
596
301
30
120
435
358
165
212
51
83
19
362
66
128
164
855
19
37
154
248
337
105
56
550
89
154
24
1584
44
95
10
32
60
102
56
1700
48
114
39
437
42
46
108
125
366
57
7
82
644
643
33
1414
1104
123
80
194
346
680
65
25
44
21
1354
48
24
847
638
89
166
5
253
79
209
128
93
93
0
42
259
27
2010
86
18
0
314
94
77
95
110
193
430
167
17
46
2595
197
181
139
30
29
222
145
72
130
117
77
3
409
145
52
15
189
196
2042
307
10
62
115
64
81
409
338
1191
103
107
212
273
16
14
63
114
55
3
58
44
361
449
515
0
113
100
72
63
73
34
38
94
0
359
122
15
14
182
132
67
3935
57
55
32
173
2
395
11
44
26
16
75
44
269
49
23
298
101
10
70
38
9
96
109
187
123
24
53
190
167
199
1879
181
158
87
195
126
78
29
30
199
18
239
131
0
0
224
0
957
48
48
260
60
70
58
245
202
247
45
61
14
31
91
74
63
92
1204
9
13
77
192
7
308
200
47
230
10
26
29
68
51
88
3553
5110
143
231
341
86
0
1228
104
163
0
19
66
57
186
41
17
88
276
112
235
1062
272
77
97
36
240
135
40
28
218
0
0
29
21
26
19
18
64
646
1844
58
1685
319
43
84
119
134
223
631
150
402
82
178
373
31
5
8
1
49
48
95
48
17
21
72
114
150
223
64
64
294
35
101
1973
6
73
163
0
0
7
0
21
103
50
13
1062
72
429
516
2
0
4
226
439
56
34
41
55
66
33
44
34
60
48
37
199
3206
81
35
67
59
58
42
0
11
141
91
303
23
46
35
216
97
281
157
36
58
22
195
65
70
65
67
17
102
1
60
85
29
39
265
40
65
52
339
90
43
8
825
0
0
51
21
26
73
83
27
61
9
71
46
87
90
48
125
353
381
140
145
76
35
160
49
116
120
24
24
17
70
196
103
50
65
49
43
483
329
400
290
136
192
47
334
91
197
242
287
129
332
134
34
66
15
374
26
27
102
170
74
93
34
87
13
7
11
1801
1187
41
16
453
1171
23
31
15
28
140
46
404
2015
443
8
552
343
117
107
161
211
247
1518
1086
12
41
17
331
121
293
269
88
24
200
115
3
138
191
104
48
171
72
128
41
94
181
61
178
378
51
91
21
15
99
77
289
80
107
88
228
62
280
2993
1963
2006
2383
2363
171
30
36
22
278
3682
11
29
1395
1132
174
575
73
307
401
216
23
98
92
90
137
73
50
25
47
33
73
46
126
101
376
113
4
44
43
35
239
220
130
191
0
9
115
94
14
10
0
11
91
20
83
2
23
30
63
9
16
24
4288
3289
38
0
56
18
89
264
109
252
194
241
206
125
151
86
41
22
81
188
50
368
104
82
232
272
159
255
332
301
456
111
80
13
49
74
436
225
13
6
266
150
51
100
2339
4156
31
23
1673
1905
37
29
3
32
2119
87
61
64
150
30
432
40
0
0
30
40
83
7
206
184
187
297
258
342
362
246
299
78
198
177
84
31
1555
2078
153
282
15
55
24
16
18
214
32
62
168
181
83
28
54
75
241
301
37
44
253
256
257
36
24
16
148
22
21
1
47
26
46
48
75
31
882
585
383
710
138
1274
959
256
169
85
32
276
197
17
195
14
151
132
68
52
197
123
86
103
162
60
45
153
0
156
246
17
253
382
0
2534
88
52
1539
53
71
1448
384
293
101
138
60
84
395
34
30
24
28
23
10
22
83
135
69
108
281
93
45
67
291
64
21
183
26
13
28
30
45
23
254
388
159
250
44
66
186
128
410
221
55
143
53
22
76
26
27
36
51
26
17
67
157
36
95
31
81
94
43
93
17
25
73
54
324
431
977
254
15
6
220
202
210
52
753
66
204
214
21
145
268
149
97
196
53
73
230
210
116
128
16
171
0
545
450
57
16
44
60
29
72
85
22
89
53
1693
1884
354
267
88
47
85
250
260
203
73
169
414
309
75
319
292
206
233
29
59
330
260
174
121
76
90
103
37
88
300
45
59
0
0
0
74
0
374
0
33
70
85
1092
139
98
118
52
115
116
14
172
162
75
188
468
196
377
1
0
159
41
136
91
70
75
115
151
47
56
215
311
67
88
36
49
211
391
251
228
466
26
312
541
1881
1921
69
9
48
60
532
264
7
16
346
561
12
43
17
131
0
0
201
215
34
26
20
75
35
560
0
0
84
26
221
188
27
19
12
81
51
0
117
116
192
52
291
271
495
396
508
120
453
288
32
213
574
856
44
205
40
50
62
122
368
94
89
158
119
206
4
14
63
49
72
5
59
16
40
6
188
106
71
51
207
136
363
527
9
8
1246
14
330
228
18
335
306
237
398
128
225
220
59
132
0
2
270
407
127
141
53
39
36
59
127
0
48
62
188
73
55
19
128
124
837
2234
249
237
125
249
470
392
257
106
127
99
207
315
62
106
31
31
4
24
82
39
38
91
64
212
37
146
288
183
3926
1556
98
27
79
537
177
367
72
95
230
103
67
79
139
106
122
203
117
110
24
85
118
166
20
11
180
165
24
159
36
31
120
76
145
198
2275
1813
0
0
88
374
426
111
68
20
684
2212
198
316
11
27
34
101
187
12
249
222
26
35
20
42
265
650
269
340
262
161
210
255
0
54
61
53
73
37
66
73
87
71
74
50
26
66
70
54
200
268
100
191
138
197
192
207
296
321
5
4
77
27
31
53
69
57
16
11
44
41
30
59
70
146
77
0
137
492
205
24
102
101
4032
2847
29
112
1978
2133
324
169
112
132
1257
441
196
275
29
69
49
113
87
214
73
5
201
242
167
78
10
17
130
106
44
44
69
92
1104
2104
335
262
78
50
170
268
243
232
183
395
58
275
128
137
120
194
1061
1196
123
104
135
89
46
41
779
1909
115
60
220
31
124
358
1907
2076
84
150
140
102
10
28
61
99
732
136
169
227
159
620
294
264
60
153
233
174
164
128
119
40
89
24
292
217
193
247
171
207
3
0
316
222
1856
2476
293
91
277
269
0
117
568
424
522
44
113
25
334
61
30
824
73
185
187
91
128
354
204
860
305
63
87
98
67
129
5
177
41
30
71
91
106
23
0
27
118
393
182
336
385
234
196
318
300
91
43
69
74
324
199
99
184
96
100
142
77
165
86
1998
2505
256
65
46
46
127
320
235
229
193
237
91
298
15
8
69
788
38
39
199
54
51
39
0
3
0
0
47
143
81
47
149
150
48
46
61
48
262
275
299
311
386
427
9
162
200
197
546
73
387
359
267
241
128
14
160
209
101
77
168
221
36
7
289
387
187
206
112
97
275
458
184
47
101
171
261
75
37
86
176
66
175
197
51
0
81
235
379
54
240
214
170
187
19
57
210
279
28
99
26
43
367
258
301
202
8
0
27
98
55
87
50
58
48
58
100
107
187
112
55
141
276
174
1922
6822
250
238
10
4
370
297
1255
935
75
47
5
143
168
137
36
95
14
1
0
0
22
0
260
287
1321
1245
196
100
25
37
35
50
30
44
8
117
118
112
96
299
80
56
52
20
1777
1623
29
53
45
43
21
3
24
109
60
99
54
64
157
226
294
175
2330
5302
411
294
304
174
72
829
212
244
0
0
403
545
198
417
0
0
54
77
227
205
171
134
31
6
170
182
312
246
269
221
23
0
237
209
442
311
104
193
108
73
34
70
26
107
103
117
111
142
44
103
26
32
83
112
173
179
174
192
88
126
120
51
173
205
21
68
691
255
9
8
30
10
109
102
212
101
197
296
52
319
294
227
11
34
761
57
31
23
102
112
122
60
91
1
65
87
176
356
246
248
1683
2424
210
379
157
77
94
117
242
82
83
126
69
34
85
123
49
54
2750
2289
2169
1874
281
204
283
233
165
161
165
162
302
263
2879
245
121
153
306
253
289
237
160
259
124
149
226
64
58
48
91
261
35
218
207
221
132
1637
158
192
131
892
224
82
282
300
55
74
59
120
129
489
68
74
76
76
52
77
216
180
39
68
86
145
123
153
787
1052
107
168
452
989
3258
1194
75
98
27
127
39
79
222
283
19
28
100
158
119
106
38
38
97
97
139
120
112
132
69
157
23
39
18
777
349
328
2760
94
269
206
1333
1864
171
125
407
97
118
294
206
129
309
0
48
261
263
93
125
97
166
12
23
61
133
188
186
82
262
120
98
263
284
55
115
184
86
175
140
423
247
19
67
72
166
108
80
1792
607
487
713
133
82
26
24
0
0
8
14
77
55
69
79
74
124
173
256
313
730
90
75
210
466
22
15
175
133
101
106
64
72
63
56
59
159
111
135
241
125
221
128
10
309
33
561
121
48
33
84
84
85
0
0
66
68
42
1552
348
188
199
252
130
142
704
1195
170
66
15
15
497
119
108
55
28
116
199
88
837
1053
145
151
64
139
54
46
107
171
35
49
504
172
392
204
522
28
260
381
66
61
1279
64
27
139
269
233
123
132
