0.181842 -0.05746 0.56001
-0.0541855 -0.322349 0.45192
-0.189134 -0.663195 0.564908
0.402344 0.0187644 -0.0308813
-0.202796 0.0586879 0.438941
0.0341293 -0.125231 0.503997
0.366519 -0.0475237 0.533586
0.111445 0.173997 0.826529
-0.140967 0.33883 0.337301
0.0466844 0.521357 0.894648
-0.338052 0.0855152 0.541442
0.152999 0.226154 0.453025
-0.717318 0.531703 0.743933
0.5829 -0.0427715 0.116122
-0.79564 0.0196812 0.351265
-0.214243 -0.0457689 1.34292
-0.212711 -0.255262 0.31493
-0.746473 -0.325455 0.0709132
-0.468277 -0.520831 0.288345
0.131754 -0.375134 0.531015
-0.0992758 0.173905 0.354952
-0.590438 0.112024 0.625842
0.212915 -0.000291318 0.187567
0.0362681 -0.254518 0.469557
0.0766985 -0.382011 0.801563
-0.641723 0.0196069 1.10149
-0.0395847 0.0154364 0.598787
-0.0564351 0.229224 -0.092539
0.331558 -0.103117 0.15605
-0.148427 0.583081 0.57939
0.000397166 -7.64812e-05 0.447197
0.000306915 -0.000112418 0.46011
0.000208776 0.000176259 0.465107
0.000232284 0.000124665 0.462736
-6.21278e-05 -1.18621e-05 0.516606
-6.77906e-05 6.37895e-05 0.511886
1.00469e-05 -4.60637e-05 0.510464
0.000425744 -0.000279252 0.464126
-0.000317386 -0.000121388 0.55406
0.000290674 6.2374e-05 0.457385
0.000158642 -3.20341e-05 0.481523
0.000299171 -0.000297656 0.471609
-0.000184189 1.82599e-05 0.532206
-0.00018486 8.10111e-05 0.530176
0.00024947 0.000206393 0.460423
-0.000369628 0.000237613 0.537107
-0.000284719 0.000261449 0.522387
-0.00041754 0.000249306 0.545641
1.13564e-05 -0.00038613 0.522195
0.000426239 -0.000198102 0.453053
0.00015088 -0.000187765 0.491997
0.000138502 -0.000219839 0.496456
-0.000182922 -5.33335e-05 0.534031
0.000208105 -6.51004e-06 0.473559
-8.9824e-05 -0.0002778 0.533766
1.53224e-05 -2.14041e-05 0.506124
-2.46674e-05 0.000165865 0.503367
-2.83923e-05 0.000111237 0.503646
-0.000252429 -0.000168103 0.548813
-9.14954e-05 0.000205086 0.510065
-0.000122432 0.000203164 0.517174
-0.000338376 -0.000191014 0.558683
-0.000254146 4.61023e-06 0.541727
0.000331959 -2.878e-05 0.454326
8.78123e-05 -0.000139227 0.49903
4.82176e-05 0.000232318 0.487837
4.11116e-05 0.000267455 0.486325
0.00012128 -0.000311216 0.504309
-0.000288254 -0.000287032 0.557206
-0.000122242 -0.000491617 0.548753
0.000265445 -0.000304238 0.481146
0.000366232 -2.25519e-05 0.450251
-1.23027e-05 0.000363681 0.488107
-6.84177e-05 0.000303388 0.49763
3.43333e-05 0.000327196 0.48161
0.000427412 -1.28501e-05 0.442648
-0.000321052 -0.000391856 0.56546
-0.000145587 -0.000206502 0.535658
-0.000313242 -0.000309105 0.561181
-0.000177893 -0.000126166 0.538451
0.000362381 2.11273e-06 0.449893
0.000145946 0.000350748 0.460684
0.000283016 -0.00022427 0.471299
-0.000208021 0.000354818 0.512827
-0.000250272 -4.04699e-05 0.540779
8.42528e-05 -4.63102e-05 0.495849
1.9591e-05 6.00161e-05 0.500539
0.000155248 0.000130926 0.47672
-1.13614e-06 4.28163e-06 0.514165
-1.13614e-06 4.28163e-06 0.514165
